3.184005377758951865e-05 1.399339018086807869e+02
3.213856542717472269e-05 1.411930519159270148e+02
3.243987572796694802e-05 1.424635308346682905e+02
3.274401091830102305e-05 1.437454404605235538e+02
3.305099748250512638e-05 1.450388836051268413e+02
3.336086215320750828e-05 1.463439640042010979e+02
3.367363191366400165e-05 1.476607863206072579e+02
3.398933400010790149e-05 1.489894561512414839e+02
3.430799590412189436e-05 1.503300800415186131e+02
3.462964537503171247e-05 1.516827654942871391e+02
3.495431042232271867e-05 1.530476209784244759e+02
3.528201931807919874e-05 1.544247559375085643e+02
3.561280059944587300e-05 1.558142807985653349e+02
3.594668307111342976e-05 1.572163069808979969e+02
3.628369580782642731e-05 1.586309469049922711e+02
3.662386815691533962e-05 1.600583140015033621e+02
3.696722974085231905e-05 1.614985227203231375e+02
3.731381045983037776e-05 1.629516885397272290e+02
3.766364049436729576e-05 1.644179279756060907e+02
3.801675030793397772e-05 1.658973585907787367e+02
3.837317064960675024e-05 1.673900990043867694e+02
3.873293255674557843e-05 1.688962689013770841e+02
3.909606735769634495e-05 1.704159890420666272e+02
3.946260667451911603e-05 1.719493812717933565e+02
3.983258242574206238e-05 1.734965685306551961e+02
4.020602682914045238e-05 1.750576748633328350e+02
4.058297240454275024e-05 1.766328254290055497e+02
4.096345197666198963e-05 1.782221465113510419e+02
4.134749867795437433e-05 1.798257655286380157e+02
4.173514595150469266e-05 1.814438110439077150e+02
4.212642755393815238e-05 1.830764127738173954e+02
4.252137755836014074e-05 1.847237015876899591e+02
4.292003035732354349e-05 1.863858095235564747e+02
4.332242066582317578e-05 1.880628698050498997e+02
4.372858352431939157e-05 1.897550168520936040e+02
4.413855430178888634e-05 1.914623862916207031e+02
4.455236869880490182e-05 1.931851149683987217e+02
4.497006275064626383e-05 1.949233409559457186e+02
4.539167283043494823e-05 1.966772035675429890e+02
4.581723565230365878e-05 1.984468433673501409e+02
4.624678827459318688e-05 2.002324021816182267e+02
4.668036810307892265e-05 2.020340231100016979e+02
4.711801289422881466e-05 2.038518505369730747e+02
4.755976075849067779e-05 2.056860301433386269e+02
4.800565016361110537e-05 2.075367089178577373e+02
4.845571993798554559e-05 2.094040351689675958e+02
4.891000927403889119e-05 2.112881585366094725e+02
4.936855773163909011e-05 2.131892300041631074e+02
4.983140524154143210e-05 2.151074019104871127e+02
5.029859210886601200e-05 2.170428279620675482e+02
5.077015901660782756e-05 2.189956632452745851e+02
5.124614702917888818e-05 2.209660642387288760e+02
5.172659759598447615e-05 2.229541888257785729e+02
5.221155255503279451e-05 2.249601963070883528e+02
5.270105413657768303e-05 2.269842474133362487e+02
5.319514496679675374e-05 2.290265043080507894e+02
5.369386807150265569e-05 2.310871305776499014e+02
5.419726687989011825e-05 2.331662912692137013e+02
5.470538522831806165e-05 2.352641529099809645e+02
5.521826736412620550e-05 2.373808835205849448e+02
5.573595794948896026e-05 2.395166526284155282e+02
5.625850206530398607e-05 2.416716312810893612e+02
5.678594521511812275e-05 2.438459920600481325e+02
5.731833332909018935e-05 2.460399090942769078e+02
5.785571276799000970e-05 2.482535580741406136e+02
5.839813032723586604e-05 2.504871162653477086e+02
5.894563324096978465e-05 2.527407625230387112e+02
5.949826918616996888e-05 2.550146773059966563e+02
6.005608628680341544e-05 2.573090426909866437e+02
6.061913311801584082e-05 2.596240423872230849e+02
6.118745871036193997e-05 2.619598617509655583e+02
6.176111255407538785e-05 2.643166878002449494e+02
6.234014460337761469e-05 2.666947092297184554e+02
6.292460528082887198e-05 2.690941164256619800e+02
6.351454548171818731e-05 2.715151014810913921e+02
6.411001657849577269e-05 2.739578582110179923e+02
6.471107042524684922e-05 2.764225821678476791e+02
6.531775936220653601e-05 2.789094706569052846e+02
6.593013622031791742e-05 2.814187227521066461e+02
6.654825432583307183e-05 2.839505393108303792e+02
6.717216750495585574e-05 2.865051229533146397e+02
6.780193008853010236e-05 2.890826780653653714e+02
6.843759691676999570e-05 2.916834108588884078e+02
6.907922334403587274e-05 2.943075293914557733e+02
6.972686524365499284e-05 2.969552435827557701e+02
7.038057901278620381e-05 2.996267652311854590e+02
7.104042157733148619e-05 3.023223080305938311e+02
7.170645039689345411e-05 3.050420875871755015e+02
7.237872346977809452e-05 3.077863214365042381e+02
7.305729933804630907e-05 3.105552290607303121e+02
7.374223709261096531e-05 3.133490319059220610e+02
7.443359637838289976e-05 3.161679533995600764e+02
7.513143739946527620e-05 3.190122189681948726e+02
7.583582092439535092e-05 3.218820560552503593e+02
7.654680829143674804e-05 3.247776941389926719e+02
7.726446141392117456e-05 3.276993647506546949e+02
7.798884278563892453e-05 3.306473014927231588e+02
7.872001548628203467e-05 3.336217400573848977e+02
7.945804318693631052e-05 3.366229182451391466e+02
8.020299015562626160e-05 3.396510759835716158e+02
8.095492126291205118e-05 3.427064553463011407e+02
8.171390198753747131e-05 3.457893005720837323e+02
8.247999842213306310e-05 3.488998580840970476e+02
8.325327727897046553e-05 3.520383765093872626e+02
8.403380589577220765e-05 3.552051066873874561e+02
8.482165224157599552e-05 3.584003015932287326e+02
8.561688492265258582e-05 3.616242164009149178e+02
8.641957318848055296e-05 3.648771085606791189e+02
8.722978693777702814e-05 3.681592378197950097e+02
8.804759672458350235e-05 3.714708662429264905e+02
8.887307376441084031e-05 3.748122582326689098e+02
8.970628994043987336e-05 3.781836805502631478e+02
9.054731780978135243e-05 3.815854023364894942e+02
9.139623060979482733e-05 3.850176951327568418e+02
9.225310226446512441e-05 3.884808329023584861e+02
9.311800739084090818e-05 3.919750920519355759e+02
9.399102130553132919e-05 3.955007514531088759e+02
9.487222003126509484e-05 3.990580924643143703e+02
9.576168030351114987e-05 4.026473989528271886e+02
9.665947957715973350e-05 4.062689573169744222e+02
9.756569603326786517e-05 4.099230565085449598e+02
9.848040858586784964e-05 4.136099880554031074e+02
9.940369688883793386e-05 4.173300460842858683e+02
1.003356413428400625e-04 4.210835273438161153e+02
1.012763231023200563e-04 4.248707312277036863e+02
1.022258240825750248e-04 4.286919597981617471e+02
1.031842269668871860e-04 4.325475178095193201e+02
1.041516152137227791e-04 4.364377127320461227e+02
1.051280730640011252e-04 4.403628547759795993e+02
1.061136855484290381e-04 4.443232568497311945e+02
1.071085384949060470e-04 4.483192344164669407e+02
1.081127185359987645e-04 4.523511056912298613e+02
1.091263131164839654e-04 4.564191917144623858e+02
1.101494105009637252e-04 4.605238163768276536e+02
1.111820997815522906e-04 4.646653064442400591e+02
1.122244708856330998e-04 4.688439915831139615e+02
1.132766145836902046e-04 4.730602043858304455e+02
1.143386224972134190e-04 4.773142803964273639e+02
1.154105871066752145e-04 4.816065581365052708e+02
1.164926017595857192e-04 4.859373791313647075e+02
1.175847606786198157e-04 4.903070879363637005e+02
1.186871589698237521e-04 4.947160321635057585e+02
1.197998926308956410e-04 4.991645625082586548e+02
1.209230585595456344e-04 5.036530327766024016e+02
1.220567545619344584e-04 5.081817999123136360e+02
1.232010793611891715e-04 5.127512240244835766e+02
1.243561326060006972e-04 5.173616684152744938e+02
1.255220148793020636e-04 5.220134996079176517e+02
1.266988277070257342e-04 5.267070873749489692e+02
1.278866735669453988e-04 5.314428047666912107e+02
1.290856558976003399e-04 5.362210281399882206e+02
1.302958791073015202e-04 5.410421371871672136e+02
1.315174485832253017e-04 5.459065149652805076e+02
1.327504707005889672e-04 5.508145479199283727e+02
1.339950528319146586e-04 5.557666256576798105e+02
1.352513033563802953e-04 5.607631408586705675e+02
1.365193316692555486e-04 5.658044896361332121e+02
1.377992481914299728e-04 5.708910715932522635e+02
1.390911643790268971e-04 5.760232898533762409e+02
1.403951927331098266e-04 5.812015510904989242e+02
1.417114468094798625e-04 5.864262655599914069e+02
1.430400412285627045e-04 5.916978471295933559e+02
1.443810916853907373e-04 5.970167133106666597e+02
1.457347149596784942e-04 6.023832852897193106e+02
1.471010289259901431e-04 6.077979879601822404e+02
1.484801525640062566e-04 6.132612499544705997e+02
1.498722059688827415e-04 6.187735036762977643e+02
1.512773103617096482e-04 6.243351853332754899e+02
1.526955881000679669e-04 6.299467349697907821e+02
1.541271626886827532e-04 6.356085965001402656e+02
1.555721587901801766e-04 6.413212177419710542e+02
1.570307022359414132e-04 6.470850504499788940e+02
1.585029200370607590e-04 6.529005503499058705e+02
1.599889403954069043e-04 6.587681771728206286e+02
1.614888927147850931e-04 6.646883946896812176e+02
1.630029076122064830e-04 6.706616707461959095e+02
1.645311169292633781e-04 6.766884772979784657e+02
1.660736537436078935e-04 6.827692904459865986e+02
1.676306523805429715e-04 6.889045904019865247e+02
1.692022484247173450e-04 6.950948608528425439e+02
1.707885787319333667e-04 7.013405892661696726e+02
1.723897814410652637e-04 7.076422673480483354e+02
1.740059959860864095e-04 7.140003910846728559e+02
1.756373631082136348e-04 7.204154607785812914e+02
1.772840248681611247e-04 7.268879810851716456e+02
1.789461246585118972e-04 7.334184610495267407e+02
1.806238072162056165e-04 7.400074141435339925e+02
1.823172186351404379e-04 7.466553583032963388e+02
1.840265063788960116e-04 7.533628159668611488e+02
1.857518192935755322e-04 7.601303141122533589e+02
1.874933076207656681e-04 7.669583842957980551e+02
1.892511230106204152e-04 7.738475626907832066e+02
1.910254185350681428e-04 7.807983901264110500e+02
1.928163487011387697e-04 7.878114121270753003e+02
1.946240694644210711e-04 7.948871789519577078e+02
1.964487382426405760e-04 8.020262456349333888e+02
1.982905139293706590e-04 8.092291720248186948e+02
2.001495569078663641e-04 8.164965228259193282e+02
2.020260290650320177e-04 8.238288676389270222e+02
2.039200938055192732e-04 8.312267810021359082e+02
2.058319160659546616e-04 8.386908424329917580e+02
2.077616623293031836e-04 8.462216364699751239e+02
2.097095006393670741e-04 8.538197527148283825e+02
2.116756006154170021e-04 8.614857854676986335e+02
2.136601334669635391e-04 8.692203326244949722e+02
2.156632720086675416e-04 8.770239968399010877e+02
2.176851906753863013e-04 8.848973859193665703e+02
2.197260655373664984e-04 8.928411128611901404e+02
2.217860743155737353e-04 9.008557958988839118e+02
2.238653963971700648e-04 9.089420585438881517e+02
2.259642128511359343e-04 9.171005296286091379e+02
2.280827064440355695e-04 9.253318433497565820e+02
2.302210616559349592e-04 9.336366393120442808e+02
2.323794646964643924e-04 9.420155625722011337e+02
2.345581035210344634e-04 9.504692636833123061e+02
2.367571678472047596e-04 9.589983987395225995e+02
2.389768491712021970e-04 9.676036294210351798e+02
2.412173407845978656e-04 9.762856230394856993e+02
2.434788377911402163e-04 9.850450525836488396e+02
2.457615371237423956e-04 9.938825967654779561e+02
2.480656375616325615e-04 1.002798940066497266e+03
2.503913397476644452e-04 1.011794772784563179e+03
2.527388462057889983e-04 1.020870791080937465e+03
2.551083613586890494e-04 1.030027697027744807e+03
2.575000915455816870e-04 1.039266198655777544e+03
2.599142450401877719e-04 1.048587010002660008e+03
2.623510320688657066e-04 1.057990851161365754e+03
2.648106648289197613e-04 1.067478448301135586e+03
2.672933575070795403e-04 1.077050532208821551e+03
2.697993262981488024e-04 1.086707837505497537e+03
2.723287894238332271e-04 1.096451104734308956e+03
2.748819671517448529e-04 1.106281080591644695e+03
2.774590818145802038e-04 1.116198517974540437e+03
2.800603578294827856e-04 1.126204176028414622e+03
2.826860217175866424e-04 1.136298820195137068e+03
2.853363021237388078e-04 1.146483222261390893e+03
2.880114298364140927e-04 1.156758160407395053e+03
2.907116378078075203e-04 1.167124419255914518e+03
2.934371611741250067e-04 1.177582789921639687e+03
2.961882372760548331e-04 1.188134070060865270e+03
2.989651056794374721e-04 1.198779063921494298e+03
3.017680081961284563e-04 1.209518582393423230e+03
3.045971889050527715e-04 1.220353443059204437e+03
3.074528941734604236e-04 1.231284470245065222e+03
3.103353726783824739e-04 1.242312495072288812e+03
3.132448754282825569e-04 1.253438355508893892e+03
3.161816557849164017e-04 1.264662896421680898e+03
3.191459694853965930e-04 1.275986969628628458e+03
3.221380746644585602e-04 1.287411433951585650e+03
3.251582318769432982e-04 1.298937155269385812e+03
3.282067041204824549e-04 1.310565006571240019e+03
3.312837568584048667e-04 1.322295868010516415e+03
3.343896580428491467e-04 1.334130626623205217e+03
3.375246781380991852e-04 1.346070172849159690e+03
3.406890901441377907e-04 1.358115401832651742e+03
3.438831696204164680e-04 1.370267215818643763e+03
3.471071947098530405e-04 1.382526524241448215e+03
3.503614461630544068e-04 1.394894243775185259e+03
3.536462073627608007e-04 1.407371298384469810e+03
3.569617643485248348e-04 1.419958619375382568e+03
3.603084058416218039e-04 1.432657145446717323e+03
3.636864232701878885e-04 1.445467822741471764e+03
3.670961107946021408e-04 1.458391604898628884e+03
3.705377653330978334e-04 1.471429453105207813e+03
3.740116865876231753e-04 1.484582336148561808e+03
3.775181770699349675e-04 1.497851230468960921e+03
3.810575421279439033e-04 1.511237120212447735e+03
3.846300899723058189e-04 1.524740997283958222e+03
3.882361317032576487e-04 1.538363861400694759e+03
3.918759813377097946e-04 1.552106720145802228e+03
3.955499558365931740e-04 1.565970589022289232e+03
3.992583751324564481e-04 1.579956491507216469e+03
4.030015621573275779e-04 1.594065459106178196e+03
4.067798428708379200e-04 1.608298531408046074e+03
4.105935462886019238e-04 1.622656756139941990e+03
4.144430045108708598e-04 1.637141189222554431e+03
4.183285527514533160e-04 1.651752894825668818e+03
4.222505293669049026e-04 1.666492943752814426e+03
4.262092758859907949e-04 1.681362408311609670e+03
4.302051370394278386e-04 1.696362367195594288e+03
4.342384607899064876e-04 1.711493907200466310e+03
4.383095983623866649e-04 1.726758123272883040e+03
4.424189042746853829e-04 1.742156118559361630e+03
4.465667363683507017e-04 1.757689004455343593e+03
4.507534558398179039e-04 1.773357900654365039e+03
4.549794272718653992e-04 1.789163935197345381e+03
4.592450186653652044e-04 1.805108244522085215e+03
4.635506014713236663e-04 1.821191973512731920e+03
4.678965506232308559e-04 1.837416275549533566e+03
4.722832445697113164e-04 1.853782312558603280e+03
4.767110653074752989e-04 1.870291255061837319e+03
4.811803984145887527e-04 1.886944282226948189e+03
4.856916330840438021e-04 1.903742581917607140e+03
4.902451621576565987e-04 1.920687350743708748e+03
4.948413821602701051e-04 1.937779794111705314e+03
4.994806933342866391e-04 1.955021126275085635e+03
5.041634996745235093e-04 1.972412570384955188e+03
5.088902089633879494e-04 1.989955358540689076e+03
5.136612328063917864e-04 2.007650731840695016e+03
5.184769866679926707e-04 2.025499940433280244e+03
5.233378899077713005e-04 2.043504243567605954e+03
5.282443658169530976e-04 2.061664909568119128e+03
5.331968416552664188e-04 2.079983210938340562e+03
5.381957486881474954e-04 2.098460421170832433e+03
5.432415222243002330e-04 2.117097821861740613e+03
5.483346016535967744e-04 2.135896703455618535e+03
5.534754304853449578e-04 2.154858365285956097e+03
5.586644563869075982e-04 2.173984115615593055e+03
5.639021312226844343e-04 2.193275271676970988e+03
5.691889110934633548e-04 2.212733159712329780e+03
5.745252563761370007e-04 2.232359115013734936e+03
5.799116317637903820e-04 2.252154481963030321e+03
5.853485063061726265e-04 2.272120614071611271e+03
5.908363534505345393e-04 2.292258874020051280e+03
5.963756510828628708e-04 2.312570633697664562e+03
6.019668815694927556e-04 2.333057274241822597e+03
6.076105317991105717e-04 2.353720186077169728e+03
6.133070932251580634e-04 2.374560768954670948e+03
6.190570619086214641e-04 2.395580431990454599e+03
6.248609385612344594e-04 2.416780593704572766e+03
6.307192285890785097e-04 2.438162682059453800e+03
6.366324421365924602e-04 2.459728134498270265e+03
6.426010941309993505e-04 2.481478397983087689e+03
6.486257043271453308e-04 2.503414929032796408e+03
6.547067973527577293e-04 2.525539193760816033e+03
6.608449027541365853e-04 2.547852667912680772e+03
6.670405550422599120e-04 2.570356835983240671e+03
6.732942937393353268e-04 2.593053180565101684e+03
6.796066634257803742e-04 2.615943185623369118e+03
6.859782137876422768e-04 2.639028344019417091e+03
6.924094996644697972e-04 2.662310157678753058e+03
6.989010810976258297e-04 2.685790137611270893e+03
7.054535233790567650e-04 2.709469803930945091e+03
7.120673971005200397e-04 2.733350685875053841e+03
7.187432782032682427e-04 2.757434321822847323e+03
7.254817480282070184e-04 2.781722259313742597e+03
7.322833933665162491e-04 2.806216055064882767e+03
7.391488065107461184e-04 2.830917274988210011e+03
7.460785853064011734e-04 2.855827494206950178e+03
7.530733332039923292e-04 2.880948297071527577e+03
7.601336593115931356e-04 2.906281277174860406e+03
7.672601784478784047e-04 2.931828037367140041e+03
7.744535111956608138e-04 2.957590189769911831e+03
7.817142839559369739e-04 2.983569355789587917e+03
7.890431290024312559e-04 3.009767166130309761e+03
7.964406845366535283e-04 3.036185260806214501e+03
8.039075947434806734e-04 3.062825289152982805e+03
8.114445098472431242e-04 3.089688909838759173e+03
8.190520861683555634e-04 3.116777790874435141e+03
8.267309861804656530e-04 3.144093609623157136e+03
8.344818785681407461e-04 3.171638052809217697e+03
8.423054382851052641e-04 3.199412811853580024e+03
8.502023466130058642e-04 3.227419566918227702e+03
8.581732912207460295e-04 3.255660001059884507e+03
8.662189662243661211e-04 3.284135805626458932e+03
8.743400722474846138e-04 3.312848680239706937e+03
8.825373164823143921e-04 3.341800332776536379e+03
8.908114127512428313e-04 3.370992479349285986e+03
8.991630815689888919e-04 3.400426844284832896e+03
9.075930502053543552e-04 3.430105160102615173e+03
9.161020527485452423e-04 3.460029167491408316e+03
9.246908301691037467e-04 3.490200615285013100e+03
9.333601303844310569e-04 3.520621260436739703e+03
9.421107083239127792e-04 3.551292867992605352e+03
9.509433259946648486e-04 3.582217211063450122e+03
9.598587525478859432e-04 3.613396070795719879e+03
9.688577643458333140e-04 3.644831236340996838e+03
9.779411450294385119e-04 3.676524504824340511e+03
9.871096855865347120e-04 3.708477681311293054e+03
9.963641844207462694e-04 3.740692578773560399e+03
1.005705447421011449e-03 3.773171018053415537e+03
1.015134288031755783e-03 3.805914827826813507e+03
1.024651527323736447e-03 3.838925844565091666e+03
1.034257994065531511e-03 3.872205912495279790e+03
1.043954524795717015e-03 3.905756883559191920e+03
1.053741963895711477e-03 3.939580617034573606e+03
1.063621163663301932e-03 3.973678953057826675e+03
1.073592984386868192e-03 4.008053692367970143e+03
1.083658294420295366e-03 4.042706636155601700e+03
1.093817970258585247e-03 4.077639590342394058e+03
1.104072896614194778e-03 4.112854365476297971e+03
1.114423966494062970e-03 4.148352776624341459e+03
1.124872081277384630e-03 4.184136643263344922e+03
1.135418150794101182e-03 4.220207789168313866e+03
1.146063093404124395e-03 4.256568042298529690e+03
1.156807836077315167e-03 4.293219234681344460e+03
1.167653314474199986e-03 4.330163202293744689e+03
1.178600473027450243e-03 4.367401784941438564e+03
1.189650265024125688e-03 4.404936826135666706e+03
1.200803652688682685e-03 4.442770172967607323e+03
1.212061607266771111e-03 4.480903675980394837e+03
1.223425109109809936e-03 4.519339189038692894e+03
1.234895147760351223e-03 4.558078569195825366e+03
1.246472722038261633e-03 4.597123676558478110e+03
1.258158840127686926e-03 4.636476374148915056e+03
1.269954519664856290e-03 4.676138527764618630e+03
1.281860787826694841e-03 4.716112005835532727e+03
1.293878681420267259e-03 4.756398679278677264e+03
1.306009246973071237e-03 4.797000421350217948e+03
1.318253540824165749e-03 4.837919107495004027e+03
1.330612629216153904e-03 4.879156613004736755e+03
1.343087588388044203e-03 4.920714784742966913e+03
1.355679504668954455e-03 4.962595448080629467e+03
1.368389474572723153e-03 5.004800427570969987e+03
1.381218604893389964e-03 5.047331547232168305e+03
1.394168012801570884e-03 5.090190630344067358e+03
1.407238825941755853e-03 5.133379499241810663e+03
1.420432182530489106e-03 5.176899975106346574e+03
1.433749231455497134e-03 5.220753877751757500e+03
1.447191132375731703e-03 5.264943025409407710e+03
1.460759055822348973e-03 5.309469234508938825e+03
1.474454183300649007e-03 5.354334319456052981e+03
1.488277707392956584e-03 5.399540092407080920e+03
1.502230831862468897e-03 5.445088363040259537e+03
1.516314771758093356e-03 5.490980938323898954e+03
1.530530753520236657e-03 5.537219622281141710e+03
1.544880015087619083e-03 5.583806215751468699e+03
1.559363806005070871e-03 5.630742516149058247e+03
1.573983387532336235e-03 5.678030317217657284e+03
1.588740032753917144e-03 5.725671408782217441e+03
1.603635026689926918e-03 5.773667576497256960e+03
1.618669666407987484e-03 5.822020601591749255e+03
1.633845261136193053e-03 5.870732260610848243e+03
1.649163132377100749e-03 5.919804325153995705e+03
1.664624614022820618e-03 5.969238561609969111e+03
1.680231052471169899e-03 6.019036710001284519e+03
1.695983806742909971e-03 6.069200405337646771e+03
1.711884248600108269e-03 6.119731243560760049e+03
1.727933762665570094e-03 6.170630809272748593e+03
1.744133746543432466e-03 6.221900675366599899e+03
1.760485610940858668e-03 6.273542402648678035e+03
1.776990779790881382e-03 6.325557539457222447e+03
1.793650690376408750e-03 6.377947621276622158e+03
1.810466793455377298e-03 6.430714170347286199e+03
1.827440553387089028e-03 6.483858695271553188e+03
1.844573448259722052e-03 6.537382690615159845e+03
1.861866970019053578e-03 6.591287636504797774e+03
1.879322624598372266e-03 6.645574998221221904e+03
1.896941932049621155e-03 6.700246225788336233e+03
1.914726426675757284e-03 6.755302753558099539e+03
1.932677657164369196e-03 6.810745999791231043e+03
1.950797186722532609e-03 6.866577366233851535e+03
1.969086593212936772e-03 6.922798237689989946e+03
1.987547469291287353e-03 6.979409981589968083e+03
2.006181422544989993e-03 7.036413947554644437e+03
2.024990075633149866e-03 7.093811466955791730e+03
2.043975066427867505e-03 7.151603852472172548e+03
2.063138048156870370e-03 7.209792397641842399e+03
2.082480689547467571e-03 7.268378376410242709e+03
2.102004674971877200e-03 7.327363042112453513e+03
2.121711704593895464e-03 7.386747572280503846e+03
2.141603494516949695e-03 7.446533019986261024e+03
2.161681776933532199e-03 7.506720400830783547e+03
2.181948300276053548e-03 7.567310702940992996e+03
2.202404829369085815e-03 7.628304886402477678e+03
2.223053145583052566e-03 7.689703882688002523e+03
2.243895046989343063e-03 7.751508594082122727e+03
2.264932348516900552e-03 7.813719893101306297e+03
2.286166882110260336e-03 7.876338621910344045e+03
2.307600496889079290e-03 7.939365591734398549e+03
2.329235059309160260e-03 8.002801582267513368e+03
2.351072453324976139e-03 8.066647341076873090e+03
2.373114580553739583e-03 8.130903583003509084e+03
2.395363360440987566e-03 8.195570989559348163e+03
2.417820730427732833e-03 8.260650208320277670e+03
2.440488646119169658e-03 8.326141852315968208e+03
2.463369081454982058e-03 8.392046499416073857e+03
2.486464028881227133e-03 8.458364691713135471e+03
2.509775499523843410e-03 8.525096934902008798e+03
2.533305523363772911e-03 8.592243697656107543e+03
2.557056149413745524e-03 8.659805411000665117e+03
2.581029445896701382e-03 8.727782467682818606e+03
2.605227500425896358e-03 8.796175221538689584e+03
2.629652420186684176e-03 8.864983986857781929e+03
2.654306332120026299e-03 8.934209030331474423e+03
2.679191383107697947e-03 9.003850464857621773e+03
2.704309740159242283e-03 9.073908270169102252e+03
2.729663590600677966e-03 9.144382375042931017e+03
2.755255142264963122e-03 9.215272658793093797e+03
2.781086623684270349e-03 9.286578950523144158e+03
2.807160284284038968e-03 9.358301028376708928e+03
2.833478394578862157e-03 9.430438618786018196e+03
2.860043246370193391e-03 9.502991395719034699e+03
2.886857152945935916e-03 9.575958979924866071e+03
2.913922449281873637e-03 9.649340938177956559e+03
2.941241492245008464e-03 9.723136782521105488e+03
2.968816660798787206e-03 9.797345969507487098e+03
2.996650356210280464e-03 9.871967899441930058e+03
3.024745002259275357e-03 9.947001915621513035e+03
3.053103045449344528e-03 1.002244730357593107e+04
3.081726955220881903e-03 1.009830329030745270e+04
3.110619224166155054e-03 1.017456904353097525e+04
3.139782368246355967e-03 1.025124367091424028e+04
3.169218927010695758e-03 1.032832621931857648e+04
3.198931463817539841e-03 1.040581567403990630e+04
3.228922566057643422e-03 1.048371095805106052e+04
3.259194845379453920e-03 1.056201093124485487e+04
3.289750937916537110e-03 1.064071438967834183e+04
3.320593504517135256e-03 1.071982006481886856e+04
3.351725230975866748e-03 1.079932658199380785e+04
3.383148828267624076e-03 1.087923229190135862e+04
3.414867032783632829e-03 1.095953540534516105e+04
3.446882606569750662e-03 1.104023405614836156e+04
3.479198337566970223e-03 1.112132630032085217e+04
3.511817039854216692e-03 1.120281011520694665e+04
3.544741553893387877e-03 1.128468339863786241e+04
3.577974746776708438e-03 1.136694396808816418e+04
3.611519512476386948e-03 1.144958955983793021e+04
3.645378772096645199e-03 1.153261782813984610e+04
3.679555474128073760e-03 1.161602634439234862e+04
3.714052594704400547e-03 1.169981259631871217e+04
3.748873137861637693e-03 1.178397398715240706e+04
3.784020135799696493e-03 1.186850783482976294e+04
3.819496649146420994e-03 1.195341137118927327e+04
3.855305767224112209e-03 1.203868174117883791e+04
3.891450608318553373e-03 1.212431600207070733e+04
3.927934319950536664e-03 1.221031112268495963e+04
3.964760079149973367e-03 1.229666398262141593e+04
4.001931092732543237e-03 1.238337137150087256e+04
4.039450597578942911e-03 1.247042998821584297e+04
4.077321860916752021e-03 1.255783644019093663e+04
4.115548180604962532e-03 1.264558724265370074e+04
4.154132885421144873e-03 1.273367881791634318e+04
4.193079335351327167e-03 1.282210749323276468e+04
4.232390921882572821e-03 1.291086932305244227e+04
4.272071068298334551e-03 1.299995991096007492e+04
4.312123229976541454e-03 1.308937470933501754e+04
4.352550894690505878e-03 1.317910905830774391e+04
4.393357582912622329e-03 1.326915818497785222e+04
4.434546848120957292e-03 1.335951720264959476e+04
4.476122277108675329e-03 1.345018111008580490e+04
4.518087490296383846e-03 1.354114479078097611e+04
4.560446142047403471e-03 1.363240301225364601e+04
4.603201920985977927e-03 1.372395042535945686e+04
4.646358550318504914e-03 1.381578156362436130e+04
4.689919788157744657e-03 1.390789084260008894e+04
4.733889427850081558e-03 1.400027255924105157e+04
4.778271298305839833e-03 1.409292089130426575e+04
4.823069264332728590e-03 1.418582989677269688e+04
4.868287226972379915e-03 1.427899351330223362e+04
4.913929123840058040e-03 1.437240555769378261e+04
4.959998929467541312e-03 1.446605972539010327e+04
5.006500655649240294e-03 1.455994958999908704e+04
5.053438351791544186e-03 1.465406860284307004e+04
5.100816105265445870e-03 1.474841009253585253e+04
5.148638041762461197e-03 1.484296726458708872e+04
5.196908325653917977e-03 1.493773320103564583e+04
5.245631160353580839e-03 1.503270086011176136e+04
5.294810788683694362e-03 1.512786305975423238e+04
5.344451493244433207e-03 1.522321222151975235e+04
5.394557596786859859e-03 1.531874040929383045e+04
5.445133462589338801e-03 1.541443954238873630e+04
5.496183494837495603e-03 1.551030140195505919e+04
5.547712139007740864e-03 1.560631763078385666e+04
5.599723882254372016e-03 1.570247973314820229e+04
5.652223253800338874e-03 1.579877907468500416e+04
5.705214825331639955e-03 1.589520688231775057e+04
5.758703211395435444e-03 1.599175424422126889e+04
5.812693069801862927e-03 1.608841210982863777e+04
5.867189102029678194e-03 1.618517128988212971e+04
5.922196053635637829e-03 1.628202245652761121e+04
5.977718714667763257e-03 1.637895614345443937e+04
6.033761920082434185e-03 1.647596274608095337e+04
6.090330550165458032e-03 1.657303252178637922e+04
6.147429530957019932e-03 1.667015559018993008e+04
6.205063834680663373e-03 1.676732193347813154e+04
6.263238480176255493e-03 1.686452139678079766e+04
6.321958533337054126e-03 1.696174368859662718e+04
6.381229107550838442e-03 1.705897838126882561e+04
6.441055364145188179e-03 1.715621491151187365e+04
6.501442512836937485e-03 1.725344258098996579e+04
6.562395812185826786e-03 1.735065055694767943e+04
6.623920570052448976e-03 1.744782787289392581e+04
6.686022144060443928e-03 1.754496323251447757e+04
6.748705942063054977e-03 1.764204412624444012e+04
6.811977422614021345e-03 1.773905751875364876e+04
6.875842095442958289e-03 1.783599020798053243e+04
6.940305521935111362e-03 1.793282882647216684e+04
7.005373315615672121e-03 1.802955984251884729e+04
7.071051142638572901e-03 1.812616956137011221e+04
7.137344722279944514e-03 1.822264412653372347e+04
7.204259827436124142e-03 1.831896952115866952e+04
7.271802285126381660e-03 1.841513156950234406e+04
7.339977977000311515e-03 1.851111593848397388e+04
7.408792839850054067e-03 1.860690813932424498e+04
7.478252866127242313e-03 1.870249352927282598e+04
7.548364104464846611e-03 1.879785731342431609e+04
7.619132660203890503e-03 1.889298454662324366e+04
7.690564695925092287e-03 1.898786013545937021e+04
7.762666431985536415e-03 1.908246884035391486e+04
7.835444147060327894e-03 1.917679527773736845e+04
7.908904178689356301e-03 1.927082392231961421e+04
7.983052923829146025e-03 1.936453910945295502e+04
8.057896839409944487e-03 1.945792503758934618e+04
8.133442442897976382e-03 1.955096577083108787e+04
8.209696312863003567e-03 1.964364524157691994e+04
8.286665089551156771e-03 1.973594725326318803e+04
8.364355475463221279e-03 1.982785547932683403e+04
8.442774235938263830e-03 1.991935284468270766e+04
8.521928199742786342e-03 2.001042082885453055e+04
8.601824259665340547e-03 2.010104059350652096e+04
8.682469373116806499e-03 2.019119314881226092e+04
8.763870562736218728e-03 2.028085935730736674e+04
8.846034917002320447e-03 2.037001993787805259e+04
8.928969590850800719e-03 2.045865546988625283e+04
9.012681806297394987e-03 2.054674639743216540e+04
9.097178853066760496e-03 2.063427303375408519e+04
9.182468089227275795e-03 2.072121556576579314e+04
9.268556941831790352e-03 2.080755405873261043e+04
9.355452907564352008e-03 2.089326846108497557e+04
9.443163553393068427e-03 2.097833860937062855e+04
9.531696517229015786e-03 2.106274423334488893e+04
9.621059508591368187e-03 2.114646496119897347e+04
9.711260309278714822e-03 2.122948032492600396e+04
9.802306774046755725e-03 2.131176976582488351e+04
9.894206831292266802e-03 2.139331264014068074e+04
9.986968483743528455e-03 2.147408822484216580e+04
1.008059980915717267e-02 2.155407572353462456e+04
1.017510896102165503e-02 2.163325427250838766e+04
1.027050416926723019e-02 2.171160294692136813e+04
1.036679374098263898e-02 2.178910076711496004e+04
1.046398606113845865e-02 2.186572670506225404e+04
1.056208959331732949e-02 2.194145958026188600e+04
1.066111288045093128e-02 2.201627611837683799e+04
1.076106454556391770e-02 2.209015116775241040e+04
1.086195329252483306e-02 2.216305944072839338e+04
1.096378790680399735e-02 2.223497558429097626e+04
1.106657725623862686e-02 2.230587418920440541e+04
1.117033029180500292e-02 2.237572979934950126e+04
1.127505604839795436e-02 2.244451692126789203e+04
1.138076364561757710e-02 2.251221003390913029e+04
1.148746228856344608e-02 2.257878359857878968e+04
1.159516126863615292e-02 2.264421206908508975e+04
1.170386996434643646e-02 2.270846990208007992e+04
1.181359784213182121e-02 2.277153156759378908e+04
1.192435445718103074e-02 2.283337155975744463e+04
1.203614945426601836e-02 2.289396440771147900e+04
1.214899256858185603e-02 2.295328468669580616e+04
1.226289362659445208e-02 2.301130702931794440e+04
1.237786254689629897e-02 2.306800613699423775e+04
1.249390934107015919e-02 2.312335679156006154e+04
1.261104411456088516e-02 2.317733386704523946e+04
1.272927706755542371e-02 2.322991234160739623e+04
1.284861849587101354e-02 2.328106730962072834e+04
1.296907879185181349e-02 2.333077399391325889e+04
1.309066844527384185e-02 2.337900775814635927e+04
1.321339804425844186e-02 2.342574411933273223e+04
1.333727827619426987e-02 2.347095822205338845e+04
1.346231992866803520e-02 2.351462221882802987e+04
1.358853389040381998e-02 2.355670727348321816e+04
1.371593115221133273e-02 2.359718472113004100e+04
1.384452280794292930e-02 2.363602608631968542e+04
1.397432005545974978e-02 2.367320309976065982e+04
1.410533419760678572e-02 2.370868771522819588e+04
1.423757664319718480e-02 2.374245212665817235e+04
1.437105890800565410e-02 2.377446878541287515e+04
1.450579261577137138e-02 2.380471041771049931e+04
1.464178949921011996e-02 2.383315004220541960e+04
1.477906140103601648e-02 2.385976098770909084e+04
1.491762027499272600e-02 2.388451691103926714e+04
1.505747818689448340e-02 2.390739181498527614e+04
1.519864731567674258e-02 2.392836006637689934e+04
1.534113995445674644e-02 2.394739641424399088e+04
1.548496851160402303e-02 2.396447600805296315e+04
1.563014551182086501e-02 2.397957441600720267e+04
1.577668359723308211e-02 2.399266764339644578e+04
1.592459552849081680e-02 2.400373215098092624e+04
1.607389418587979249e-02 2.401274487339606276e+04
1.622459257044287992e-02 2.401968323756141399e+04
1.637670380511231302e-02 2.402452518107907599e+04
1.653024113585239985e-02 2.402724917060568259e+04
1.668521793281300958e-02 2.402783421668253504e+04
1.684164769149381485e-02 2.402625913785595912e+04
1.699954403391955304e-02 2.402250163896313825e+04
1.715892070982620241e-02 2.401653979872451964e+04
1.731979159785834027e-02 2.400835232125400944e+04
1.748217070677765897e-02 2.399791855645675605e+04
1.764607217668293093e-02 2.398521852032164679e+04
1.781151028024129113e-02 2.397023291508808688e+04
1.797849942393113173e-02 2.395294314926560037e+04
1.814705414929662988e-02 2.393333135748563654e+04
1.831718913421398476e-02 2.391138042016299369e+04
1.848891919416967636e-02 2.388707398294606173e+04
1.866225928355053076e-02 2.386039647593276095e+04
1.883722449694600828e-02 2.383133313263119271e+04
1.901383007046257914e-02 2.379987000864110087e+04
1.919209138305058918e-02 2.376599400003431583e+04
1.937202395784341780e-02 2.372969286141156408e+04
1.955364346350926819e-02 2.369095522361238909e+04
1.973696571561554119e-02 2.364977061105509711e+04
1.992200667800616762e-02 2.360612945868448878e+04
2.010878246419168722e-02 2.356002312850334056e+04
2.029730933875245960e-02 2.351144392566583701e+04
2.048760371875492370e-02 2.346038511410865613e+04
2.067968217518132215e-02 2.340684093169790503e+04
2.087356143437263042e-02 2.335080660486911074e+04
2.106925837948513472e-02 2.329227855932495731e+04
2.126679005196063094e-02 2.323125828523445307e+04
2.146617365301034183e-02 2.316775205540095703e+04
2.166742654511293401e-02 2.310176723702923118e+04
2.187056625352635716e-02 2.303331214592492688e+04
2.207561046781401567e-02 2.296239604889666953e+04
2.228257704338510239e-02 2.288902916554988042e+04
2.249148400304957704e-02 2.281322266946546370e+04
2.270234953858753929e-02 2.273498868875451444e+04
2.291519201233340602e-02 2.265434030598341269e+04
2.313002995877485451e-02 2.257129155746198376e+04
2.334688208616693059e-02 2.248585743188846391e+04
2.356576727816109967e-02 2.239805386834759338e+04
2.378670459544968141e-02 2.230789775365465903e+04
2.400971327742560876e-02 2.221540691904379491e+04
2.423481274385791764e-02 2.212060013619477832e+04
2.446202259658275188e-02 2.202349711259697506e+04
2.469136262121034847e-02 2.192411848624729100e+04
2.492285278884790942e-02 2.182248581968065992e+04
2.515651325783882161e-02 2.171862159333204181e+04
2.539236437551797496e-02 2.161254919822928423e+04
2.563042667998364013e-02 2.150429292801795236e+04
2.587072090188597892e-02 2.139387797031785158e+04
2.611326796623218358e-02 2.128133039741425819e+04
2.635808899420878648e-02 2.116667715628485894e+04
2.660520530502080011e-02 2.104995020786557870e+04
2.685463841774828747e-02 2.093120839531282036e+04
2.710641005322014102e-02 2.081052083551102987e+04
2.736054213590569800e-02 2.068795652943509049e+04
2.761705679582384526e-02 2.056358428983400881e+04
2.787597637047016519e-02 2.043747269373094241e+04
2.813732340676202565e-02 2.030969003626220729e+04
2.840112066300208571e-02 2.018030428587539063e+04
2.866739111086004724e-02 2.004938304090445672e+04
2.893615793737307901e-02 1.991699348753777304e+04
2.920744454696486830e-02 1.978320235919196421e+04
2.948127456348382733e-02 1.964807589730201653e+04
2.975767183226021503e-02 1.951167981353646974e+04
3.003666042218258725e-02 1.937407925344377873e+04
3.031826462779379713e-02 1.923533876153326855e+04
3.060250897140645576e-02 1.909552224779298922e+04
3.088941820523850856e-02 1.895469295564369895e+04
3.117901731356859801e-02 1.881291343132722977e+04
3.147133151491175035e-02 1.867024549472399303e+04
3.176638626421529610e-02 1.852675021159489916e+04
3.206420725507571484e-02 1.838248786723816374e+04
3.236482042197590808e-02 1.823751794155254174e+04
3.266825194254365655e-02 1.809189908549516986e+04
3.297452823983108849e-02 1.794568909892147713e+04
3.328367598461576954e-02 1.779894504162824160e+04
3.359572209772312967e-02 1.765174283872030355e+04
3.391069375237077549e-02 1.750419720563977535e+04
3.422861837653465994e-02 1.735642483347995585e+04
3.454952365533768555e-02 1.720853926389608387e+04
3.487343753346046349e-02 1.706065087364385909e+04
3.520038821757475594e-02 1.691286686612133417e+04
3.553040417879978208e-02 1.676529126962123337e+04
3.586351415518138075e-02 1.661802494199612920e+04
3.619974715419470301e-02 1.647116558144123337e+04
3.653913245527012910e-02 1.632480774309775006e+04
3.688169961234295802e-02 1.617904286118375603e+04
3.722747845642690456e-02 1.603395927636033048e+04
3.757649909821193790e-02 1.588964226804461214e+04
3.792879193068630916e-02 1.574617409138641597e+04
3.828438763178314275e-02 1.560363401862861065e+04
3.864331716705188963e-02 1.546209838457817750e+04
3.900561179235489950e-02 1.532164063592091406e+04
3.937130305658920193e-02 1.518233138411850814e+04
3.974042280443377401e-02 1.504423846163573580e+04
4.011300317912250279e-02 1.490742698125172501e+04
4.048907662524348083e-02 1.477195939821827415e+04
4.086867589156409353e-02 1.463789557503629112e+04
4.125183403388296005e-02 1.450529284863021530e+04
4.163858441790823511e-02 1.437420662584324964e+04
4.202896072216340956e-02 1.424469211707822069e+04
4.242299694091986040e-02 1.411680270218380792e+04
4.282072738715717725e-02 1.399058940891163911e+04
4.322218669555116799e-02 1.386610099320684276e+04
4.362740982548974494e-02 1.374338402097992366e+04
4.403643206411742006e-02 1.362248295118740498e+04
4.444928902940802756e-02 1.350344022006228806e+04
4.486601667326637483e-02 1.338629632634734298e+04
4.528665128465887701e-02 1.327108991739457997e+04
4.571122949277381387e-02 1.315785787600577169e+04
4.613978827021088247e-02 1.304663540789987201e+04
4.657236493620089957e-02 1.293745612970314505e+04
4.700899715985541044e-02 1.283035215737032559e+04
4.744972296344717594e-02 1.272535419495432143e+04
4.789458072572104486e-02 1.262249162365344091e+04
4.834360918523607914e-02 1.252178973856224547e+04
4.879684744373873756e-02 1.242323240520420586e+04
4.925433496956820034e-02 1.232677390305076915e+04
4.971611160109309230e-02 1.223236901414259773e+04
5.018221755018067304e-02 1.213997371725188714e+04
5.065269340569859141e-02 1.204954515183026160e+04
5.112758013704919724e-02 1.196104158313785410e+04
5.160691909773748587e-02 1.187442236850964036e+04
5.209075202897195389e-02 1.178964792471928558e+04
5.257912106329961505e-02 1.170667969640084812e+04
5.307206872827470445e-02 1.162548009178197390e+04
5.356963795016232016e-02 1.154599508793881432e+04
5.407187205767626653e-02 1.146812656099788364e+04
5.457881478575224432e-02 1.139177160111058220e+04
5.509051027935614464e-02 1.131682994967883496e+04
5.560700309732852925e-02 1.124320388882180669e+04
5.612833821626463104e-02 1.117079813929962620e+04
5.665456103443104741e-02 1.109951976653842939e+04
5.718571737571886970e-02 1.102927797545433714e+04
5.772185349363435913e-02 1.095996527458071068e+04
5.826301607532655830e-02 1.089143757412609375e+04
5.880925224565283077e-02 1.082354938596839202e+04
5.936060957128267562e-02 1.075615873614348493e+04
5.991713606483957399e-02 1.068912709260336487e+04
6.047888018908234575e-02 1.062231931113823157e+04
6.104589086112505170e-02 1.055560244957038776e+04
6.161821745669691930e-02 1.048883114109276903e+04
6.219590981444170913e-02 1.042185233330183291e+04
6.277901824025811095e-02 1.035451678649664063e+04
6.336759351168015642e-02 1.028667937917981362e+04
6.396168688229908472e-02 1.021819916894036578e+04
6.456135008622634897e-02 1.014893743515392816e+04
6.516663534259892199e-02 1.007874537169166251e+04
6.577759536012649233e-02 1.000747283509484441e+04
6.639428334168134826e-02 9.934974932583592818e+03
6.701675298893114419e-02 9.861112227894011085e+03
6.764505850701567347e-02 9.785751441060698198e+03
6.827925460926685675e-02 9.708775285740268373e+03
6.891939652197318078e-02 9.630081615257517115e+03
6.956553998918901804e-02 9.549574302841914687e+03
7.021774127758861894e-02 9.467163086626353106e+03
7.087605718136612276e-02 9.382763955768263259e+03
7.154054502718107389e-02 9.296301526695629946e+03
7.221126267915059516e-02 9.207708542639247753e+03
7.288826854388798238e-02 9.116924366150433343e+03
7.357162157558912174e-02 9.023895148272375081e+03
7.426138128116609172e-02 8.928585819734144025e+03
7.495760772542918449e-02 8.831016575110690610e+03
7.566036153631706951e-02 8.731224759084288962e+03
7.636970391017679216e-02 8.629251790326919945e+03
7.708569661709251120e-02 8.525145193515269057e+03
7.780840200626459868e-02 8.418990992510007345e+03
7.853788301143878325e-02 8.310905917499700081e+03
7.927420315638694648e-02 8.201008021526882658e+03
8.001742656043846214e-02 8.089415802612002153e+03
8.076761794406393802e-02 7.976264011710243722e+03
8.152484263451083291e-02 7.861712305270631077e+03
8.228916657149264180e-02 7.745919804300838223e+03
8.306065631293066409e-02 7.629042510798850344e+03
8.383937904075003389e-02 7.511266222541772549e+03
8.462540256673002637e-02 7.392844675847302824e+03
8.541879533840883443e-02 7.274030742964958336e+03
8.621962644504452267e-02 7.155065715620010451e+03
8.702796562363106225e-02 7.036192865273246753e+03
8.784388326497120925e-02 6.917674078404425927e+03
8.866745041980593489e-02 6.799760710745010329e+03
8.949873880500198997e-02 6.682689261817516126e+03
9.033782080979678442e-02 6.566704603996202422e+03
9.118476950210223364e-02 6.452078196627180660e+03
9.203965863486730792e-02 6.339067299355363502e+03
9.290256265250086687e-02 6.227910952509851086e+03
9.377355669735412680e-02 6.118842054370081314e+03
9.465271661626421806e-02 6.012090076233995205e+03
9.554011896715859653e-02 5.907867397161726331e+03
9.643584102572266836e-02 5.806369353661205423e+03
9.733996079212792196e-02 5.707775059524699827e+03
9.825255699782475816e-02 5.612248673309203696e+03
9.917370911239901943e-02 5.519940827879790049e+03
1.001034973504910247e-01 5.430983449206527439e+03
1.010420026787821335e-01 5.345461738493933808e+03
1.019893068230441346e-01 5.263441113371472056e+03
1.029454922752565810e-01 5.184981460692006294e+03
1.039106423007906677e-01 5.110113742748946606e+03
1.048848409456591274e-01 5.038810323288703330e+03
1.058681730438354868e-01 4.971037154165765969e+03
1.068607242246419203e-01 4.906759772423512004e+03
1.078625809202048286e-01 4.845890358698279670e+03
1.088738303729827606e-01 4.788293884765998882e+03
1.098945606433623240e-01 4.733841066681877237e+03
1.109248606173270230e-01 4.682395616077270461e+03
1.119648200141981770e-01 4.633747166651604857e+03
1.130145293944465612e-01 4.587667006861941445e+03
1.140740801675790561e-01 4.543936511991792941e+03
1.151435646000992657e-01 4.502309456824928930e+03
1.162230758235407863e-01 4.462481829855123578e+03
1.173127078425787312e-01 4.424153770878521755e+03
1.184125555432143234e-01 4.387031744917308970e+03
1.195227147010382435e-01 4.350784336255778726e+03
1.206432819895715686e-01 4.315061160408096839e+03
1.217743549886825399e-01 4.279522685040114084e+03
1.229160321930857364e-01 4.243840820853372861e+03
1.240684130209174785e-01 4.207699658995049504e+03
1.252315978223939585e-01 4.170794706909777233e+03
1.264056878885503332e-01 4.132833699066610279e+03
1.275907854600601687e-01 4.093548004400677200e+03
1.287869937361389994e-01 4.052691948866182429e+03
1.299944168835318048e-01 4.010033453139777976e+03
1.312131600455824776e-01 3.965370096108123562e+03
1.324433293513913312e-01 3.918578801314079101e+03
1.336850319250555419e-01 3.869566081486897929e+03
1.349383758949981860e-01 3.818253048108279017e+03
1.362034704033848187e-01 3.764638676976729130e+03
1.374804256156261228e-01 3.708807774360638632e+03
1.387693527299729557e-01 3.650854954816365989e+03
1.400703639871980211e-01 3.590898595872838996e+03
1.413835726803705228e-01 3.529162676820642446e+03
1.427090931647226058e-01 3.465901179968332599e+03
1.440470408676059744e-01 3.401361385579672060e+03
1.453975322985442686e-01 3.335839904839018800e+03
1.467606850593792533e-01 3.269701924041551138e+03
1.481366178545103218e-01 3.203297318796093350e+03
1.495254505012330037e-01 3.136964279049502238e+03
1.509273039401712868e-01 3.071090665506264941e+03
1.523423002458097475e-01 3.006064382720952835e+03
1.537705626371248246e-01 2.942241782967313611e+03
1.552122154883132099e-01 2.879957833056495474e+03
1.566673843396231280e-01 2.819533139505473628e+03
1.581361959082875357e-01 2.761260801060949689e+03
1.596187780995565741e-01 2.705401031391838387e+03
1.611152600178380467e-01 2.652140856482553772e+03
1.626257719779379829e-01 2.601626633281759041e+03
1.641504455164092269e-01 2.553991499247316824e+03
1.656894134030067745e-01 2.509307915756704460e+03
1.672428096522473873e-01 2.467545619476485626e+03
1.688107695350819781e-01 2.428666113494500678e+03
1.703934295906731344e-01 2.392620799671066834e+03
1.719909276382858287e-01 2.359228388312987590e+03
1.736034027892897902e-01 2.328243695880763880e+03
1.752309954592717323e-01 2.299435969309462507e+03
1.768738473802635158e-01 2.272549183099824404e+03
1.785321016130853866e-01 2.247253183620606251e+03
1.802059025598016229e-01 2.223221621452301861e+03
1.818953959762976413e-01 2.200138266835465402e+03
1.836007289849703739e-01 2.177649300351215970e+03
1.853220500875406851e-01 2.155382720092136879e+03
1.870595091779861108e-01 2.132980962915312375e+03
1.888132575555915849e-01 2.110101660453532531e+03
1.905834479381258995e-01 2.086418560535375491e+03
1.923702344751413995e-01 2.061621902781212157e+03
1.941737727613949693e-01 2.035428300281251495e+03
1.959942198504003030e-01 2.007691408014562967e+03
1.978317342681017166e-01 1.978364870623197703e+03
1.996864760266795769e-01 1.947414782148403901e+03
2.015586066384857655e-01 1.914869024667436861e+03
2.034482891301054031e-01 1.880915397854620096e+03
2.053556880565563514e-01 1.845766335809729753e+03
2.072809695156163645e-01 1.809632745515747956e+03
2.092243011622879345e-01 1.772807962288916769e+03
2.111858522233990565e-01 1.735643055935983512e+03
2.131657935123373315e-01 1.698467118373789845e+03
2.151642974439255951e-01 1.661593563238119486e+03
2.171815380494372116e-01 1.625341946378945295e+03
2.192176909917481209e-01 1.590011211064489544e+03
2.212729335806367659e-01 1.555872204973878524e+03
2.233474447882215774e-01 1.523139719482473993e+03
2.254414052645473399e-01 1.491979398683768068e+03
2.275549973533173842e-01 1.462540838276593377e+03
2.296884051077695277e-01 1.434932843595553322e+03
2.318418143067066672e-01 1.409142408841536735e+03
2.340154124706718408e-01 1.385129241573138415e+03
2.362093888782788031e-01 1.362852744263670729e+03
2.384239345826958401e-01 1.342171588355741051e+03
2.406592424282802400e-01 1.322841662003829015e+03
2.429155070673727213e-01 1.304628213038552303e+03
2.451929249772490105e-01 1.287293829353882074e+03
2.474916944772265204e-01 1.270537784633447927e+03
2.498120157459371993e-01 1.254052280988483062e+03
2.521540908387566726e-01 1.237546095478943471e+03
2.545181237054002232e-01 1.220778003567640781e+03
2.569043202076845556e-01 1.203563425203833958e+03
2.593128881374516248e-01 1.185732254627232805e+03
2.617440372346646060e-01 1.167147013891023562e+03
2.641979792056736165e-01 1.147795066865651052e+03
2.666749277416480823e-01 1.127707899553109200e+03
2.691750985371887395e-01 1.106920765096165951e+03
2.716987093091074446e-01 1.085540250541527712e+03
2.742459798153872863e-01 1.063768934899361511e+03
2.768171318743207210e-01 1.041804883810143565e+03
2.794123893838225681e-01 1.019842511226930810e+03
2.820319783409309111e-01 9.981284893555264262e+02
2.846761268614835250e-01 9.769171086334939673e+02
2.873450651999842065e-01 9.564406182467205326e+02
2.900390257696546792e-01 9.368644415235851284e+02
2.927582431626706838e-01 9.182579617824925435e+02
2.955029541705913587e-01 9.006760483678002629e+02
2.982733978049815771e-01 8.841567876324569397e+02
3.010698153182208570e-01 8.686271603008279953e+02
3.038924502245164971e-01 8.539625856215398017e+02
3.067415483211051175e-01 8.400461618782845790e+02
3.096173577096584251e-01 8.267429662233412273e+02
3.125201288178898751e-01 8.138682596912017289e+02
3.154501144213586183e-01 8.012402958488429476e+02
3.184075696654832810e-01 7.886897811616898935e+02
3.213927520877616351e-01 7.760788670051532563e+02
3.244059216401935508e-01 7.632935910280858707e+02
3.274473407119220525e-01 7.502285352780946823e+02
3.305172741520785995e-01 7.368214417382181409e+02
3.336159892928478032e-01 7.231321075440997674e+02
3.367437559727490815e-01 7.092421120983945002e+02
3.399008465601297546e-01 6.952298797408935798e+02
3.430875359768884580e-01 6.812028271252964942e+02
3.463041017224107732e-01 6.672967351750852458e+02
3.495508238977363402e-01 6.536386605847175133e+02
3.528279852299519015e-01 6.403412551522972080e+02
3.561358710968076657e-01 6.274834192951816476e+02
3.594747695515702612e-01 6.151283354238499896e+02
3.628449713481082806e-01 6.033333908348754449e+02
3.662467699662071974e-01 5.921072905271799982e+02
3.696804616371306418e-01 5.813710080080554690e+02
3.731463453694123245e-01 5.710405819008926755e+02
3.766447229748952075e-01 5.610366664344721812e+02
3.801758990950164230e-01 5.512709733293198724e+02
3.837401812273301127e-01 5.416498974166870539e+02
3.873378797522905037e-01 5.320857957437376626e+02
3.909693079602752919e-01 5.225065362564411089e+02
3.946347820788689842e-01 5.128950726375467184e+02
3.983346213004024250e-01 5.032524072751999142e+02
4.020691478097443428e-01 4.935800566594065799e+02
4.058386868123592950e-01 4.839003707057346446e+02
4.096435665626290690e-01 4.742818140379749821e+02
4.134841183924322094e-01 4.647945020426062115e+02
4.173606767400027118e-01 4.555025870726663015e+02
4.212735791790477857e-01 4.464477686794909914e+02
4.252231664481461726e-01 4.376469293075483051e+02
4.292097824804225192e-01 4.291139838949056298e+02
4.332337744334925356e-01 4.208596575043347343e+02
4.372954927196960884e-01 4.128663860385730686e+02
4.413952910366138460e-01 4.050965828781323239e+02
4.455335263978613680e-01 3.975145914240166576e+02
