6.283185307179586614e-03 1.000000000000000000e+00
1.256637061435917323e-02 1.000000000000000000e+00
1.884955592153875897e-02 1.000000000000000000e+00
2.513274122871834645e-02 1.000000000000000000e+00
3.141592653589793394e-02 1.000000000000000000e+00
3.769911184307751795e-02 1.000000000000000000e+00
4.398229715025710890e-02 1.000000000000000000e+00
5.026548245743669291e-02 1.000000000000000000e+00
5.654866776461627692e-02 1.000000000000000000e+00
6.283185307179586787e-02 1.000000000000000000e+00
6.911503837897545188e-02 1.000000000000000000e+00
7.539822368615503589e-02 1.000000000000000000e+00
8.168140899333461991e-02 1.000000000000000000e+00
8.796459430051421780e-02 1.000000000000000000e+00
9.424777960769380181e-02 1.000000000000000000e+00
1.005309649148733858e-01 1.000000000000000000e+00
1.068141502220529698e-01 1.000000000000000000e+00
1.130973355292325538e-01 1.000000000000000000e+00
1.193805208364121517e-01 1.000000000000000000e+00
1.256637061435917357e-01 1.000000000000000000e+00
1.319468914507713198e-01 1.000000000000000000e+00
1.382300767579509038e-01 1.000000000000000000e+00
1.445132620651304878e-01 1.000000000000000000e+00
1.507964473723100718e-01 1.000000000000000000e+00
1.570796326794896558e-01 1.000000000000000000e+00
1.633628179866692398e-01 1.000000000000000000e+00
1.696460032938488516e-01 1.000000000000000000e+00
1.759291886010284356e-01 1.000000000000000000e+00
1.822123739082080196e-01 1.000000000000000000e+00
1.884955592153876036e-01 1.000000000000000000e+00
1.947787445225671876e-01 1.000000000000000000e+00
2.010619298297467716e-01 1.000000000000000000e+00
2.073451151369263556e-01 1.000000000000000000e+00
2.136283004441059397e-01 1.000000000000000000e+00
2.199114857512855237e-01 1.000000000000000000e+00
2.261946710584651077e-01 1.000000000000000000e+00
2.324778563656446917e-01 1.000000000000000000e+00
2.387610416728243035e-01 1.000000000000000000e+00
2.450442269800038875e-01 1.000000000000000000e+00
2.513274122871834715e-01 1.000000000000000000e+00
2.576105975943630555e-01 1.000000000000000000e+00
2.638937829015426395e-01 1.000000000000000000e+00
2.701769682087222235e-01 1.000000000000000000e+00
2.764601535159018075e-01 1.000000000000000000e+00
2.827433388230813915e-01 1.000000000000000000e+00
2.890265241302609756e-01 1.000000000000000000e+00
2.953097094374405596e-01 1.000000000000000000e+00
3.015928947446201436e-01 1.000000000000000000e+00
3.078760800517997276e-01 1.000000000000000000e+00
3.141592653589793116e-01 1.000000000000000000e+00
3.204424506661588956e-01 1.000000000000000000e+00
3.267256359733384796e-01 1.000000000000000000e+00
3.330088212805180636e-01 1.000000000000000000e+00
3.392920065876977032e-01 1.000000000000000000e+00
3.455751918948772872e-01 1.000000000000000000e+00
3.518583772020568712e-01 1.000000000000000000e+00
3.581415625092364552e-01 1.000000000000000000e+00
3.644247478164160392e-01 1.000000000000000000e+00
3.707079331235956232e-01 1.000000000000000000e+00
3.769911184307752072e-01 1.000000000000000000e+00
3.832743037379547912e-01 1.000000000000000000e+00
3.895574890451343752e-01 1.000000000000000000e+00
3.958406743523139593e-01 1.000000000000000000e+00
4.021238596594935433e-01 1.000000000000000000e+00
4.084070449666731273e-01 1.000000000000000000e+00
4.146902302738527113e-01 1.000000000000000000e+00
4.209734155810322953e-01 1.000000000000000000e+00
4.272566008882118793e-01 1.000000000000000000e+00
4.335397861953914633e-01 1.000000000000000000e+00
4.398229715025710473e-01 1.000000000000000000e+00
4.461061568097506314e-01 1.000000000000000000e+00
4.523893421169302154e-01 1.000000000000000000e+00
4.586725274241097994e-01 1.000000000000000000e+00
4.649557127312893834e-01 1.000000000000000000e+00
4.712388980384690229e-01 1.000000000000000000e+00
4.775220833456486069e-01 1.000000000000000000e+00
4.838052686528281909e-01 1.000000000000000000e+00
4.900884539600077749e-01 1.000000000000000000e+00
4.963716392671873590e-01 1.000000000000000000e+00
5.026548245743669430e-01 1.000000000000000000e+00
5.089380098815464715e-01 1.000000000000000000e+00
5.152211951887261110e-01 1.000000000000000000e+00
5.215043804959056395e-01 1.000000000000000000e+00
5.277875658030852790e-01 1.000000000000000000e+00
5.340707511102648075e-01 1.000000000000000000e+00
5.403539364174444470e-01 1.000000000000000000e+00
5.466371217246240866e-01 1.000000000000000000e+00
5.529203070318036151e-01 1.000000000000000000e+00
5.592034923389832546e-01 1.000000000000000000e+00
5.654866776461627831e-01 1.000000000000000000e+00
5.717698629533424226e-01 1.000000000000000000e+00
5.780530482605219511e-01 1.000000000000000000e+00
5.843362335677015906e-01 1.000000000000000000e+00
5.906194188748811191e-01 1.000000000000000000e+00
5.969026041820607587e-01 1.000000000000000000e+00
6.031857894892402872e-01 1.000000000000000000e+00
6.094689747964199267e-01 1.000000000000000000e+00
6.157521601035994552e-01 1.000000000000000000e+00
6.220353454107790947e-01 1.000000000000000000e+00
6.283185307179586232e-01 1.000000000000000000e+00
6.346017160251382627e-01 1.000000000000000000e+00
6.408849013323177912e-01 1.000000000000000000e+00
6.471680866394974307e-01 1.000000000000000000e+00
6.534512719466769592e-01 1.000000000000000000e+00
6.597344572538565988e-01 1.000000000000000000e+00
6.660176425610361273e-01 1.000000000000000000e+00
6.723008278682157668e-01 1.000000000000000000e+00
6.785840131753954063e-01 1.000000000000000000e+00
6.848671984825749348e-01 1.000000000000000000e+00
6.911503837897545743e-01 1.000000000000000000e+00
6.974335690969341028e-01 1.000000000000000000e+00
7.037167544041137424e-01 1.000000000000000000e+00
7.099999397112932709e-01 1.000000000000000000e+00
7.162831250184729104e-01 1.000000000000000000e+00
7.225663103256524389e-01 1.000000000000000000e+00
7.288494956328320784e-01 1.000000000000000000e+00
7.351326809400116069e-01 1.000000000000000000e+00
7.414158662471912464e-01 1.000000000000000000e+00
7.476990515543707749e-01 1.000000000000000000e+00
7.539822368615504145e-01 1.000000000000000000e+00
7.602654221687299430e-01 1.000000000000000000e+00
7.665486074759095825e-01 1.000000000000000000e+00
7.728317927830891110e-01 1.000000000000000000e+00
7.791149780902687505e-01 1.000000000000000000e+00
7.853981633974482790e-01 1.000000000000000000e+00
7.916813487046279185e-01 1.000000000000000000e+00
7.979645340118074470e-01 1.000000000000000000e+00
8.042477193189870865e-01 1.000000000000000000e+00
8.105309046261667261e-01 1.000000000000000000e+00
8.168140899333462546e-01 1.000000000000000000e+00
8.230972752405258941e-01 1.000000000000000000e+00
8.293804605477054226e-01 1.000000000000000000e+00
8.356636458548850621e-01 1.000000000000000000e+00
8.419468311620645906e-01 1.000000000000000000e+00
8.482300164692442301e-01 1.000000000000000000e+00
8.545132017764237586e-01 1.000000000000000000e+00
8.607963870836033982e-01 1.000000000000000000e+00
8.670795723907829267e-01 1.000000000000000000e+00
8.733627576979625662e-01 1.000000000000000000e+00
8.796459430051420947e-01 1.000000000000000000e+00
8.859291283123217342e-01 1.000000000000000000e+00
8.922123136195012627e-01 1.000000000000000000e+00
8.984954989266809022e-01 1.000000000000000000e+00
9.047786842338604307e-01 1.000000000000000000e+00
9.110618695410400703e-01 1.000000000000000000e+00
9.173450548482195988e-01 1.000000000000000000e+00
9.236282401553992383e-01 1.000000000000000000e+00
9.299114254625787668e-01 1.000000000000000000e+00
9.361946107697584063e-01 1.000000000000000000e+00
9.424777960769380458e-01 1.000000000000000000e+00
9.487609813841175743e-01 1.000000000000000000e+00
9.550441666912972138e-01 1.000000000000000000e+00
9.613273519984767423e-01 1.000000000000000000e+00
9.676105373056563819e-01 1.000000000000000000e+00
9.738937226128359104e-01 1.000000000000000000e+00
9.801769079200155499e-01 1.000000000000000000e+00
9.864600932271950784e-01 1.000000000000000000e+00
9.927432785343747179e-01 1.000000000000000000e+00
9.990264638415542464e-01 1.000000000000000000e+00
1.005309649148733886e+00 1.000000000000000000e+00
1.011592834455913525e+00 1.000000000000000000e+00
1.017876019763092943e+00 1.000000000000000000e+00
1.024159205070272582e+00 1.000000000000000000e+00
1.030442390377452222e+00 1.000000000000000000e+00
1.036725575684631862e+00 1.000000000000000000e+00
1.043008760991811279e+00 1.000000000000000000e+00
1.049291946298990919e+00 1.000000000000000000e+00
1.055575131606170558e+00 1.000000000000000000e+00
1.061858316913350198e+00 1.000000000000000000e+00
1.068141502220529615e+00 1.000000000000000000e+00
1.074424687527709255e+00 1.000000000000000000e+00
1.080707872834888894e+00 1.000000000000000000e+00
1.086991058142068534e+00 1.000000000000000000e+00
1.093274243449248173e+00 1.000000000000000000e+00
1.099557428756427591e+00 1.000000000000000000e+00
1.105840614063607230e+00 1.000000000000000000e+00
1.112123799370786870e+00 1.000000000000000000e+00
1.118406984677966509e+00 1.000000000000000000e+00
1.124690169985145927e+00 1.000000000000000000e+00
1.130973355292325566e+00 1.000000000000000000e+00
1.137256540599505206e+00 1.000000000000000000e+00
1.143539725906684845e+00 1.000000000000000000e+00
1.149822911213864263e+00 1.000000000000000000e+00
1.156106096521043902e+00 1.000000000000000000e+00
1.162389281828223542e+00 1.000000000000000000e+00
1.168672467135403181e+00 1.000000000000000000e+00
1.174955652442582599e+00 1.000000000000000000e+00
1.181238837749762238e+00 1.000000000000000000e+00
1.187522023056941878e+00 1.000000000000000000e+00
1.193805208364121517e+00 1.000000000000000000e+00
1.200088393671300935e+00 1.000000000000000000e+00
1.206371578978480574e+00 1.000000000000000000e+00
1.212654764285660214e+00 1.000000000000000000e+00
1.218937949592839853e+00 1.000000000000000000e+00
1.225221134900019493e+00 1.000000000000000000e+00
1.231504320207198910e+00 1.000000000000000000e+00
1.237787505514378550e+00 1.000000000000000000e+00
1.244070690821558189e+00 1.000000000000000000e+00
1.250353876128737829e+00 1.000000000000000000e+00
1.256637061435917246e+00 1.000000000000000000e+00
1.262920246743096886e+00 1.000000000000000000e+00
1.269203432050276525e+00 1.000000000000000000e+00
1.275486617357456165e+00 1.000000000000000000e+00
1.281769802664635582e+00 1.000000000000000000e+00
1.288052987971815222e+00 1.000000000000000000e+00
1.294336173278994861e+00 1.000000000000000000e+00
1.300619358586174501e+00 1.000000000000000000e+00
1.306902543893353918e+00 1.000000000000000000e+00
1.313185729200533558e+00 1.000000000000000000e+00
1.319468914507713198e+00 1.000000000000000000e+00
1.325752099814892837e+00 1.000000000000000000e+00
1.332035285122072255e+00 1.000000000000000000e+00
1.338318470429251894e+00 1.000000000000000000e+00
1.344601655736431534e+00 1.000000000000000000e+00
1.350884841043611173e+00 1.000000000000000000e+00
1.357168026350790813e+00 1.000000000000000000e+00
1.363451211657970230e+00 1.000000000000000000e+00
1.369734396965149870e+00 1.000000000000000000e+00
1.376017582272329509e+00 1.000000000000000000e+00
1.382300767579509149e+00 1.000000000000000000e+00
1.388583952886688566e+00 1.000000000000000000e+00
1.394867138193868206e+00 1.000000000000000000e+00
1.401150323501047845e+00 1.000000000000000000e+00
1.407433508808227485e+00 1.000000000000000000e+00
1.413716694115406902e+00 1.000000000000000000e+00
1.419999879422586542e+00 1.000000000000000000e+00
1.426283064729766181e+00 1.000000000000000000e+00
1.432566250036945821e+00 1.000000000000000000e+00
1.438849435344125238e+00 1.000000000000000000e+00
1.445132620651304878e+00 1.000000000000000000e+00
1.451415805958484517e+00 1.000000000000000000e+00
1.457698991265664157e+00 1.000000000000000000e+00
1.463982176572843574e+00 1.000000000000000000e+00
1.470265361880023214e+00 1.000000000000000000e+00
1.476548547187202853e+00 1.000000000000000000e+00
1.482831732494382493e+00 1.000000000000000000e+00
1.489114917801562132e+00 1.000000000000000000e+00
1.495398103108741550e+00 1.000000000000000000e+00
1.501681288415921189e+00 1.000000000000000000e+00
1.507964473723100829e+00 1.000000000000000000e+00
1.514247659030280468e+00 1.000000000000000000e+00
1.520530844337459886e+00 1.000000000000000000e+00
1.526814029644639525e+00 1.000000000000000000e+00
1.533097214951819165e+00 1.000000000000000000e+00
1.539380400258998804e+00 1.000000000000000000e+00
1.545663585566178222e+00 1.000000000000000000e+00
1.551946770873357861e+00 1.000000000000000000e+00
1.558229956180537501e+00 1.000000000000000000e+00
1.564513141487717141e+00 1.000000000000000000e+00
1.570796326794896558e+00 1.000000000000000000e+00
1.577079512102076198e+00 1.000000000000000000e+00
1.583362697409255837e+00 1.000000000000000000e+00
1.589645882716435477e+00 1.000000000000000000e+00
1.595929068023614894e+00 1.000000000000000000e+00
1.602212253330794534e+00 1.000000000000000000e+00
1.608495438637974173e+00 1.000000000000000000e+00
1.614778623945153813e+00 1.000000000000000000e+00
1.621061809252333452e+00 1.000000000000000000e+00
1.627344994559512870e+00 1.000000000000000000e+00
1.633628179866692509e+00 1.000000000000000000e+00
1.639911365173872149e+00 1.000000000000000000e+00
1.646194550481051788e+00 1.000000000000000000e+00
1.652477735788231206e+00 1.000000000000000000e+00
1.658760921095410845e+00 1.000000000000000000e+00
1.665044106402590485e+00 1.000000000000000000e+00
1.671327291709770124e+00 1.000000000000000000e+00
1.677610477016949542e+00 1.000000000000000000e+00
1.683893662324129181e+00 1.000000000000000000e+00
1.690176847631308821e+00 1.000000000000000000e+00
1.696460032938488460e+00 1.000000000000000000e+00
1.702743218245667878e+00 1.000000000000000000e+00
1.709026403552847517e+00 1.000000000000000000e+00
1.715309588860027157e+00 1.000000000000000000e+00
1.721592774167206796e+00 1.000000000000000000e+00
1.727875959474386214e+00 1.000000000000000000e+00
1.734159144781565853e+00 1.000000000000000000e+00
1.740442330088745493e+00 1.000000000000000000e+00
1.746725515395925132e+00 1.000000000000000000e+00
1.753008700703104772e+00 1.000000000000000000e+00
1.759291886010284189e+00 1.000000000000000000e+00
1.765575071317463829e+00 1.000000000000000000e+00
1.771858256624643468e+00 1.000000000000000000e+00
1.778141441931823108e+00 1.000000000000000000e+00
1.784424627239002525e+00 1.000000000000000000e+00
1.790707812546182165e+00 1.000000000000000000e+00
1.796990997853361804e+00 1.000000000000000000e+00
1.803274183160541444e+00 1.000000000000000000e+00
1.809557368467720861e+00 1.000000000000000000e+00
1.815840553774900501e+00 1.000000000000000000e+00
1.822123739082080141e+00 1.000000000000000000e+00
1.828406924389259780e+00 1.000000000000000000e+00
1.834690109696439198e+00 1.000000000000000000e+00
1.840973295003618837e+00 1.000000000000000000e+00
1.847256480310798477e+00 1.000000000000000000e+00
1.853539665617978116e+00 1.000000000000000000e+00
1.859822850925157534e+00 1.000000000000000000e+00
1.866106036232337173e+00 1.000000000000000000e+00
1.872389221539516813e+00 1.000000000000000000e+00
1.878672406846696452e+00 1.000000000000000000e+00
1.884955592153876092e+00 1.000000000000000000e+00
1.891238777461055509e+00 1.000000000000000000e+00
1.897521962768235149e+00 1.000000000000000000e+00
1.903805148075414788e+00 1.000000000000000000e+00
1.910088333382594428e+00 1.000000000000000000e+00
1.916371518689773845e+00 1.000000000000000000e+00
1.922654703996953485e+00 1.000000000000000000e+00
1.928937889304133124e+00 1.000000000000000000e+00
1.935221074611312764e+00 1.000000000000000000e+00
1.941504259918492181e+00 1.000000000000000000e+00
1.947787445225671821e+00 1.000000000000000000e+00
1.954070630532851460e+00 1.000000000000000000e+00
1.960353815840031100e+00 1.000000000000000000e+00
1.966637001147210517e+00 1.000000000000000000e+00
1.972920186454390157e+00 1.000000000000000000e+00
1.979203371761569796e+00 1.000000000000000000e+00
1.985486557068749436e+00 1.000000000000000000e+00
1.991769742375928853e+00 1.000000000000000000e+00
1.998052927683108493e+00 1.000000000000000000e+00
2.004336112990288132e+00 1.000000000000000000e+00
2.010619298297467772e+00 1.000000000000000000e+00
2.016902483604647411e+00 1.000000000000000000e+00
2.023185668911827051e+00 1.000000000000000000e+00
2.029468854219006690e+00 1.000000000000000000e+00
2.035752039526185886e+00 1.000000000000000000e+00
2.042035224833365525e+00 1.000000000000000000e+00
2.048318410140545165e+00 1.000000000000000000e+00
2.054601595447724804e+00 1.000000000000000000e+00
2.060884780754904444e+00 1.000000000000000000e+00
2.067167966062084083e+00 1.000000000000000000e+00
2.073451151369263723e+00 1.000000000000000000e+00
2.079734336676443363e+00 1.000000000000000000e+00
2.086017521983622558e+00 1.000000000000000000e+00
2.092300707290802197e+00 1.000000000000000000e+00
2.098583892597981837e+00 1.000000000000000000e+00
2.104867077905161477e+00 1.000000000000000000e+00
2.111150263212341116e+00 1.000000000000000000e+00
2.117433448519520756e+00 1.000000000000000000e+00
2.123716633826700395e+00 1.000000000000000000e+00
2.129999819133880035e+00 1.000000000000000000e+00
2.136283004441059230e+00 1.000000000000000000e+00
2.142566189748238870e+00 1.000000000000000000e+00
2.148849375055418509e+00 1.000000000000000000e+00
2.155132560362598149e+00 1.000000000000000000e+00
2.161415745669777788e+00 1.000000000000000000e+00
2.167698930976957428e+00 1.000000000000000000e+00
2.173982116284137067e+00 1.000000000000000000e+00
2.180265301591316707e+00 1.000000000000000000e+00
2.186548486898496346e+00 1.000000000000000000e+00
2.192831672205675542e+00 1.000000000000000000e+00
2.199114857512855181e+00 1.000000000000000000e+00
2.205398042820034821e+00 1.000000000000000000e+00
2.211681228127214460e+00 1.000000000000000000e+00
2.217964413434394100e+00 1.000000000000000000e+00
2.224247598741573739e+00 1.000000000000000000e+00
2.230530784048753379e+00 1.000000000000000000e+00
2.236813969355933018e+00 1.000000000000000000e+00
2.243097154663112214e+00 1.000000000000000000e+00
2.249380339970291853e+00 1.000000000000000000e+00
2.255663525277471493e+00 1.000000000000000000e+00
2.261946710584651132e+00 1.000000000000000000e+00
2.268229895891830772e+00 1.000000000000000000e+00
2.274513081199010411e+00 1.000000000000000000e+00
2.280796266506190051e+00 1.000000000000000000e+00
2.287079451813369690e+00 1.000000000000000000e+00
2.293362637120549330e+00 1.000000000000000000e+00
2.299645822427728525e+00 1.000000000000000000e+00
2.305929007734908165e+00 1.000000000000000000e+00
2.312212193042087804e+00 1.000000000000000000e+00
2.318495378349267444e+00 1.000000000000000000e+00
2.324778563656447083e+00 1.000000000000000000e+00
2.331061748963626723e+00 1.000000000000000000e+00
2.337344934270806363e+00 1.000000000000000000e+00
2.343628119577986002e+00 1.000000000000000000e+00
2.349911304885165197e+00 1.000000000000000000e+00
2.356194490192344837e+00 1.000000000000000000e+00
2.362477675499524477e+00 1.000000000000000000e+00
2.368760860806704116e+00 1.000000000000000000e+00
2.375044046113883756e+00 1.000000000000000000e+00
2.381327231421063395e+00 1.000000000000000000e+00
2.387610416728243035e+00 1.000000000000000000e+00
2.393893602035422674e+00 1.000000000000000000e+00
2.400176787342601870e+00 1.000000000000000000e+00
2.406459972649781509e+00 1.000000000000000000e+00
2.412743157956961149e+00 1.000000000000000000e+00
2.419026343264140788e+00 1.000000000000000000e+00
2.425309528571320428e+00 1.000000000000000000e+00
2.431592713878500067e+00 1.000000000000000000e+00
2.437875899185679707e+00 1.000000000000000000e+00
2.444159084492859346e+00 1.000000000000000000e+00
2.450442269800038986e+00 1.000000000000000000e+00
2.456725455107218181e+00 1.000000000000000000e+00
2.463008640414397821e+00 1.000000000000000000e+00
2.469291825721577460e+00 1.000000000000000000e+00
2.475575011028757100e+00 1.000000000000000000e+00
2.481858196335936739e+00 1.000000000000000000e+00
2.488141381643116379e+00 1.000000000000000000e+00
2.494424566950296018e+00 1.000000000000000000e+00
2.500707752257475658e+00 1.000000000000000000e+00
2.506990937564654853e+00 1.000000000000000000e+00
2.513274122871834493e+00 1.000000000000000000e+00
2.519557308179014132e+00 1.000000000000000000e+00
2.525840493486193772e+00 1.000000000000000000e+00
2.532123678793373411e+00 1.000000000000000000e+00
2.538406864100553051e+00 1.000000000000000000e+00
2.544690049407732690e+00 1.000000000000000000e+00
2.550973234714912330e+00 1.000000000000000000e+00
2.557256420022091969e+00 1.000000000000000000e+00
2.563539605329271165e+00 1.000000000000000000e+00
2.569822790636450804e+00 1.000000000000000000e+00
2.576105975943630444e+00 1.000000000000000000e+00
2.582389161250810083e+00 1.000000000000000000e+00
2.588672346557989723e+00 1.000000000000000000e+00
2.594955531865169363e+00 1.000000000000000000e+00
2.601238717172349002e+00 1.000000000000000000e+00
2.607521902479528642e+00 1.000000000000000000e+00
2.613805087786707837e+00 1.000000000000000000e+00
2.620088273093887477e+00 1.000000000000000000e+00
2.626371458401067116e+00 1.000000000000000000e+00
2.632654643708246756e+00 1.000000000000000000e+00
2.638937829015426395e+00 1.000000000000000000e+00
2.645221014322606035e+00 1.000000000000000000e+00
2.651504199629785674e+00 1.000000000000000000e+00
2.657787384936965314e+00 1.000000000000000000e+00
2.664070570244144509e+00 1.000000000000000000e+00
2.670353755551324149e+00 1.000000000000000000e+00
2.676636940858503788e+00 1.000000000000000000e+00
2.682920126165683428e+00 1.000000000000000000e+00
2.689203311472863067e+00 1.000000000000000000e+00
2.695486496780042707e+00 1.000000000000000000e+00
2.701769682087222346e+00 1.000000000000000000e+00
2.708052867394401986e+00 1.000000000000000000e+00
2.714336052701581625e+00 1.000000000000000000e+00
2.720619238008760821e+00 1.000000000000000000e+00
2.726902423315940460e+00 1.000000000000000000e+00
2.733185608623120100e+00 1.000000000000000000e+00
2.739468793930299739e+00 1.000000000000000000e+00
2.745751979237479379e+00 1.000000000000000000e+00
2.752035164544659018e+00 1.000000000000000000e+00
2.758318349851838658e+00 1.000000000000000000e+00
2.764601535159018297e+00 1.000000000000000000e+00
2.770884720466197493e+00 1.000000000000000000e+00
2.777167905773377132e+00 1.000000000000000000e+00
2.783451091080556772e+00 1.000000000000000000e+00
2.789734276387736411e+00 1.000000000000000000e+00
2.796017461694916051e+00 1.000000000000000000e+00
2.802300647002095690e+00 1.000000000000000000e+00
2.808583832309275330e+00 1.000000000000000000e+00
2.814867017616454969e+00 1.000000000000000000e+00
2.821150202923634609e+00 1.000000000000000000e+00
2.827433388230813804e+00 1.000000000000000000e+00
2.833716573537993444e+00 1.000000000000000000e+00
2.839999758845173083e+00 1.000000000000000000e+00
2.846282944152352723e+00 1.000000000000000000e+00
2.852566129459532362e+00 1.000000000000000000e+00
2.858849314766712002e+00 1.000000000000000000e+00
2.865132500073891642e+00 1.000000000000000000e+00
2.871415685381071281e+00 1.000000000000000000e+00
2.877698870688250476e+00 1.000000000000000000e+00
2.883982055995430116e+00 1.000000000000000000e+00
2.890265241302609756e+00 1.000000000000000000e+00
2.896548426609789395e+00 1.000000000000000000e+00
2.902831611916969035e+00 1.000000000000000000e+00
2.909114797224148674e+00 1.000000000000000000e+00
2.915397982531328314e+00 1.000000000000000000e+00
2.921681167838507953e+00 1.000000000000000000e+00
2.927964353145687149e+00 1.000000000000000000e+00
2.934247538452866788e+00 1.000000000000000000e+00
2.940530723760046428e+00 1.000000000000000000e+00
2.946813909067226067e+00 1.000000000000000000e+00
2.953097094374405707e+00 1.000000000000000000e+00
2.959380279681585346e+00 1.000000000000000000e+00
2.965663464988764986e+00 1.000000000000000000e+00
2.971946650295944625e+00 1.000000000000000000e+00
2.978229835603124265e+00 1.000000000000000000e+00
2.984513020910303460e+00 1.000000000000000000e+00
2.990796206217483100e+00 1.000000000000000000e+00
2.997079391524662739e+00 1.000000000000000000e+00
3.003362576831842379e+00 1.000000000000000000e+00
3.009645762139022018e+00 1.000000000000000000e+00
3.015928947446201658e+00 1.000000000000000000e+00
3.022212132753381297e+00 1.000000000000000000e+00
3.028495318060560937e+00 1.000000000000000000e+00
3.034778503367740132e+00 1.000000000000000000e+00
3.041061688674919772e+00 1.000000000000000000e+00
3.047344873982099411e+00 1.000000000000000000e+00
3.053628059289279051e+00 1.000000000000000000e+00
3.059911244596458690e+00 1.000000000000000000e+00
3.066194429903638330e+00 1.000000000000000000e+00
3.072477615210817969e+00 1.000000000000000000e+00
3.078760800517997609e+00 1.000000000000000000e+00
3.085043985825177248e+00 1.000000000000000000e+00
3.091327171132356444e+00 1.000000000000000000e+00
3.097610356439536083e+00 1.000000000000000000e+00
3.103893541746715723e+00 1.000000000000000000e+00
3.110176727053895362e+00 1.000000000000000000e+00
3.116459912361075002e+00 1.000000000000000000e+00
3.122743097668254642e+00 1.000000000000000000e+00
3.129026282975434281e+00 1.000000000000000000e+00
3.135309468282613921e+00 1.000000000000000000e+00
3.141592653589793116e+00 1.000000000000000000e+00
3.147875838896972756e+00 1.000000000000000000e+00
3.154159024204152395e+00 1.000000000000000000e+00
3.160442209511332035e+00 1.000000000000000000e+00
3.166725394818511674e+00 1.000000000000000000e+00
3.173008580125691314e+00 1.000000000000000000e+00
3.179291765432870953e+00 1.000000000000000000e+00
3.185574950740050593e+00 1.000000000000000000e+00
3.191858136047229788e+00 1.000000000000000000e+00
3.198141321354409428e+00 1.000000000000000000e+00
3.204424506661589067e+00 1.000000000000000000e+00
3.210707691968768707e+00 1.000000000000000000e+00
3.216990877275948346e+00 1.000000000000000000e+00
3.223274062583127986e+00 1.000000000000000000e+00
3.229557247890307625e+00 1.000000000000000000e+00
3.235840433197487265e+00 1.000000000000000000e+00
3.242123618504666904e+00 1.000000000000000000e+00
3.248406803811846100e+00 1.000000000000000000e+00
3.254689989119025739e+00 1.000000000000000000e+00
3.260973174426205379e+00 1.000000000000000000e+00
3.267256359733385018e+00 1.000000000000000000e+00
3.273539545040564658e+00 1.000000000000000000e+00
3.279822730347744297e+00 1.000000000000000000e+00
3.286105915654923937e+00 1.000000000000000000e+00
3.292389100962103576e+00 1.000000000000000000e+00
3.298672286269282772e+00 1.000000000000000000e+00
3.304955471576462411e+00 1.000000000000000000e+00
3.311238656883642051e+00 1.000000000000000000e+00
3.317521842190821690e+00 1.000000000000000000e+00
3.323805027498001330e+00 1.000000000000000000e+00
3.330088212805180969e+00 1.000000000000000000e+00
3.336371398112360609e+00 1.000000000000000000e+00
3.342654583419540248e+00 1.000000000000000000e+00
3.348937768726719444e+00 1.000000000000000000e+00
3.355220954033899083e+00 1.000000000000000000e+00
3.361504139341078723e+00 1.000000000000000000e+00
3.367787324648258362e+00 1.000000000000000000e+00
3.374070509955438002e+00 1.000000000000000000e+00
3.380353695262617642e+00 1.000000000000000000e+00
3.386636880569797281e+00 1.000000000000000000e+00
3.392920065876976921e+00 1.000000000000000000e+00
3.399203251184156560e+00 1.000000000000000000e+00
3.405486436491335756e+00 1.000000000000000000e+00
3.411769621798515395e+00 1.000000000000000000e+00
3.418052807105695035e+00 1.000000000000000000e+00
3.424335992412874674e+00 1.000000000000000000e+00
3.430619177720054314e+00 1.000000000000000000e+00
3.436902363027233953e+00 1.000000000000000000e+00
3.443185548334413593e+00 1.000000000000000000e+00
3.449468733641593232e+00 1.000000000000000000e+00
3.455751918948772428e+00 1.000000000000000000e+00
3.462035104255952067e+00 1.000000000000000000e+00
3.468318289563131707e+00 1.000000000000000000e+00
3.474601474870311346e+00 1.000000000000000000e+00
3.480884660177490986e+00 1.000000000000000000e+00
3.487167845484670625e+00 1.000000000000000000e+00
3.493451030791850265e+00 1.000000000000000000e+00
3.499734216099029904e+00 1.000000000000000000e+00
3.506017401406209544e+00 1.000000000000000000e+00
3.512300586713388739e+00 1.000000000000000000e+00
3.518583772020568379e+00 1.000000000000000000e+00
3.524866957327748018e+00 1.000000000000000000e+00
3.531150142634927658e+00 1.000000000000000000e+00
3.537433327942107297e+00 1.000000000000000000e+00
3.543716513249286937e+00 1.000000000000000000e+00
3.549999698556466576e+00 1.000000000000000000e+00
3.556282883863646216e+00 1.000000000000000000e+00
3.562566069170825411e+00 1.000000000000000000e+00
3.568849254478005051e+00 1.000000000000000000e+00
3.575132439785184690e+00 1.000000000000000000e+00
3.581415625092364330e+00 1.000000000000000000e+00
3.587698810399543969e+00 1.000000000000000000e+00
3.593981995706723609e+00 1.000000000000000000e+00
3.600265181013903248e+00 1.000000000000000000e+00
3.606548366321082888e+00 1.000000000000000000e+00
3.612831551628262083e+00 1.000000000000000000e+00
3.619114736935441723e+00 1.000000000000000000e+00
3.625397922242621362e+00 1.000000000000000000e+00
3.631681107549801002e+00 1.000000000000000000e+00
3.637964292856980641e+00 1.000000000000000000e+00
3.644247478164160281e+00 1.000000000000000000e+00
3.650530663471339921e+00 1.000000000000000000e+00
3.656813848778519560e+00 1.000000000000000000e+00
3.663097034085699200e+00 1.000000000000000000e+00
3.669380219392878395e+00 1.000000000000000000e+00
3.675663404700058035e+00 1.000000000000000000e+00
3.681946590007237674e+00 1.000000000000000000e+00
3.688229775314417314e+00 1.000000000000000000e+00
3.694512960621596953e+00 1.000000000000000000e+00
3.700796145928776593e+00 1.000000000000000000e+00
3.707079331235956232e+00 1.000000000000000000e+00
3.713362516543135872e+00 1.000000000000000000e+00
3.719645701850315067e+00 1.000000000000000000e+00
3.725928887157494707e+00 1.000000000000000000e+00
3.732212072464674346e+00 1.000000000000000000e+00
3.738495257771853986e+00 1.000000000000000000e+00
3.744778443079033625e+00 1.000000000000000000e+00
3.751061628386213265e+00 1.000000000000000000e+00
3.757344813693392904e+00 1.000000000000000000e+00
3.763627999000572544e+00 1.000000000000000000e+00
3.769911184307752183e+00 1.000000000000000000e+00
3.776194369614931379e+00 1.000000000000000000e+00
3.782477554922111018e+00 1.000000000000000000e+00
3.788760740229290658e+00 1.000000000000000000e+00
3.795043925536470297e+00 1.000000000000000000e+00
3.801327110843649937e+00 1.000000000000000000e+00
3.807610296150829576e+00 1.000000000000000000e+00
3.813893481458009216e+00 1.000000000000000000e+00
3.820176666765188855e+00 1.000000000000000000e+00
3.826459852072368051e+00 1.000000000000000000e+00
3.832743037379547690e+00 1.000000000000000000e+00
3.839026222686727330e+00 1.000000000000000000e+00
3.845309407993906969e+00 1.000000000000000000e+00
3.851592593301086609e+00 1.000000000000000000e+00
3.857875778608266248e+00 1.000000000000000000e+00
3.864158963915445888e+00 1.000000000000000000e+00
3.870442149222625527e+00 1.000000000000000000e+00
3.876725334529804723e+00 1.000000000000000000e+00
3.883008519836984362e+00 1.000000000000000000e+00
3.889291705144164002e+00 1.000000000000000000e+00
3.895574890451343641e+00 1.000000000000000000e+00
3.901858075758523281e+00 1.000000000000000000e+00
3.908141261065702921e+00 1.000000000000000000e+00
3.914424446372882560e+00 1.000000000000000000e+00
3.920707631680062200e+00 1.000000000000000000e+00
3.926990816987241839e+00 1.000000000000000000e+00
3.933274002294421035e+00 1.000000000000000000e+00
3.939557187601600674e+00 1.000000000000000000e+00
3.945840372908780314e+00 1.000000000000000000e+00
3.952123558215959953e+00 1.000000000000000000e+00
3.958406743523139593e+00 1.000000000000000000e+00
3.964689928830319232e+00 1.000000000000000000e+00
3.970973114137498872e+00 1.000000000000000000e+00
3.977256299444678511e+00 1.000000000000000000e+00
3.983539484751857707e+00 1.000000000000000000e+00
3.989822670059037346e+00 1.000000000000000000e+00
3.996105855366216986e+00 1.000000000000000000e+00
4.002389040673397069e+00 1.000000000000000000e+00
4.008672225980576265e+00 1.000000000000000000e+00
4.014955411287755460e+00 1.000000000000000000e+00
4.021238596594935544e+00 1.000000000000000000e+00
4.027521781902114739e+00 1.000000000000000000e+00
4.033804967209294823e+00 1.000000000000000000e+00
4.040088152516474018e+00 1.000000000000000000e+00
4.046371337823654102e+00 1.000000000000000000e+00
4.052654523130833297e+00 1.000000000000000000e+00
4.058937708438013381e+00 1.000000000000000000e+00
4.065220893745192576e+00 1.000000000000000000e+00
4.071504079052371772e+00 1.000000000000000000e+00
4.077787264359551855e+00 1.000000000000000000e+00
4.084070449666731051e+00 1.000000000000000000e+00
4.090353634973911134e+00 1.000000000000000000e+00
4.096636820281090330e+00 1.000000000000000000e+00
4.102920005588270413e+00 1.000000000000000000e+00
4.109203190895449609e+00 1.000000000000000000e+00
4.115486376202628804e+00 1.000000000000000000e+00
4.121769561509808888e+00 1.000000000000000000e+00
4.128052746816988083e+00 1.000000000000000000e+00
4.134335932124168167e+00 1.000000000000000000e+00
4.140619117431347362e+00 1.000000000000000000e+00
4.146902302738527446e+00 1.000000000000000000e+00
4.153185488045706641e+00 1.000000000000000000e+00
4.159468673352886725e+00 1.000000000000000000e+00
4.165751858660065921e+00 1.000000000000000000e+00
4.172035043967245116e+00 1.000000000000000000e+00
4.178318229274425200e+00 1.000000000000000000e+00
4.184601414581604395e+00 1.000000000000000000e+00
4.190884599888784479e+00 1.000000000000000000e+00
4.197167785195963674e+00 1.000000000000000000e+00
4.203450970503143758e+00 1.000000000000000000e+00
4.209734155810322953e+00 1.000000000000000000e+00
4.216017341117503037e+00 1.000000000000000000e+00
4.222300526424682232e+00 1.000000000000000000e+00
4.228583711731861428e+00 1.000000000000000000e+00
4.234866897039041511e+00 1.000000000000000000e+00
4.241150082346220707e+00 1.000000000000000000e+00
4.247433267653400790e+00 1.000000000000000000e+00
4.253716452960579986e+00 1.000000000000000000e+00
4.259999638267760069e+00 1.000000000000000000e+00
4.266282823574939265e+00 1.000000000000000000e+00
4.272566008882118460e+00 1.000000000000000000e+00
4.278849194189298544e+00 1.000000000000000000e+00
4.285132379496477739e+00 1.000000000000000000e+00
4.291415564803657823e+00 1.000000000000000000e+00
4.297698750110837018e+00 1.000000000000000000e+00
4.303981935418017102e+00 1.000000000000000000e+00
4.310265120725196297e+00 1.000000000000000000e+00
4.316548306032376381e+00 1.000000000000000000e+00
4.322831491339555576e+00 1.000000000000000000e+00
4.329114676646734772e+00 1.000000000000000000e+00
4.335397861953914855e+00 1.000000000000000000e+00
4.341681047261094051e+00 1.000000000000000000e+00
4.347964232568274134e+00 1.000000000000000000e+00
4.354247417875453330e+00 1.000000000000000000e+00
4.360530603182633413e+00 1.000000000000000000e+00
4.366813788489812609e+00 1.000000000000000000e+00
4.373096973796992692e+00 1.000000000000000000e+00
4.379380159104171888e+00 1.000000000000000000e+00
4.385663344411351083e+00 1.000000000000000000e+00
4.391946529718531167e+00 1.000000000000000000e+00
4.398229715025710362e+00 1.000000000000000000e+00
4.404512900332890446e+00 1.000000000000000000e+00
4.410796085640069641e+00 1.000000000000000000e+00
4.417079270947249725e+00 1.000000000000000000e+00
4.423362456254428920e+00 1.000000000000000000e+00
4.429645641561609004e+00 1.000000000000000000e+00
4.435928826868788200e+00 1.000000000000000000e+00
4.442212012175967395e+00 1.000000000000000000e+00
4.448495197483147479e+00 1.000000000000000000e+00
4.454778382790326674e+00 1.000000000000000000e+00
4.461061568097506758e+00 1.000000000000000000e+00
4.467344753404685953e+00 1.000000000000000000e+00
4.473627938711866037e+00 1.000000000000000000e+00
4.479911124019045232e+00 1.000000000000000000e+00
4.486194309326224428e+00 1.000000000000000000e+00
4.492477494633404511e+00 1.000000000000000000e+00
4.498760679940583707e+00 1.000000000000000000e+00
4.505043865247763790e+00 1.000000000000000000e+00
4.511327050554942986e+00 1.000000000000000000e+00
4.517610235862123069e+00 1.000000000000000000e+00
4.523893421169302265e+00 1.000000000000000000e+00
4.530176606476482348e+00 1.000000000000000000e+00
4.536459791783661544e+00 1.000000000000000000e+00
4.542742977090840739e+00 1.000000000000000000e+00
4.549026162398020823e+00 1.000000000000000000e+00
4.555309347705200018e+00 1.000000000000000000e+00
4.561592533012380102e+00 1.000000000000000000e+00
4.567875718319559297e+00 1.000000000000000000e+00
4.574158903626739381e+00 1.000000000000000000e+00
4.580442088933918576e+00 1.000000000000000000e+00
4.586725274241098660e+00 1.000000000000000000e+00
4.593008459548277855e+00 1.000000000000000000e+00
4.599291644855457051e+00 1.000000000000000000e+00
4.605574830162637134e+00 1.000000000000000000e+00
4.611858015469816330e+00 1.000000000000000000e+00
4.618141200776996413e+00 1.000000000000000000e+00
4.624424386084175609e+00 1.000000000000000000e+00
4.630707571391355692e+00 1.000000000000000000e+00
4.636990756698534888e+00 1.000000000000000000e+00
4.643273942005714083e+00 1.000000000000000000e+00
4.649557127312894167e+00 1.000000000000000000e+00
4.655840312620073362e+00 1.000000000000000000e+00
4.662123497927253446e+00 1.000000000000000000e+00
4.668406683234432641e+00 1.000000000000000000e+00
4.674689868541612725e+00 1.000000000000000000e+00
4.680973053848791920e+00 1.000000000000000000e+00
4.687256239155972004e+00 1.000000000000000000e+00
4.693539424463151200e+00 1.000000000000000000e+00
4.699822609770330395e+00 1.000000000000000000e+00
4.706105795077510479e+00 1.000000000000000000e+00
4.712388980384689674e+00 1.000000000000000000e+00
4.718672165691869758e+00 1.000000000000000000e+00
4.724955350999048953e+00 1.000000000000000000e+00
4.731238536306229037e+00 1.000000000000000000e+00
4.737521721613408232e+00 1.000000000000000000e+00
4.743804906920588316e+00 1.000000000000000000e+00
4.750088092227767511e+00 1.000000000000000000e+00
4.756371277534946707e+00 1.000000000000000000e+00
4.762654462842126790e+00 1.000000000000000000e+00
4.768937648149305986e+00 1.000000000000000000e+00
4.775220833456486069e+00 1.000000000000000000e+00
4.781504018763665265e+00 1.000000000000000000e+00
4.787787204070845348e+00 1.000000000000000000e+00
4.794070389378024544e+00 1.000000000000000000e+00
4.800353574685203739e+00 1.000000000000000000e+00
4.806636759992383823e+00 1.000000000000000000e+00
4.812919945299563018e+00 1.000000000000000000e+00
4.819203130606743102e+00 1.000000000000000000e+00
4.825486315913922297e+00 1.000000000000000000e+00
4.831769501221102381e+00 1.000000000000000000e+00
4.838052686528281576e+00 1.000000000000000000e+00
4.844335871835461660e+00 1.000000000000000000e+00
4.850619057142640855e+00 1.000000000000000000e+00
4.856902242449820051e+00 1.000000000000000000e+00
4.863185427757000134e+00 1.000000000000000000e+00
4.869468613064179330e+00 1.000000000000000000e+00
4.875751798371359413e+00 1.000000000000000000e+00
4.882034983678538609e+00 1.000000000000000000e+00
4.888318168985718692e+00 1.000000000000000000e+00
4.894601354292897888e+00 1.000000000000000000e+00
4.900884539600077971e+00 1.000000000000000000e+00
4.907167724907257167e+00 1.000000000000000000e+00
4.913450910214436362e+00 1.000000000000000000e+00
4.919734095521616446e+00 1.000000000000000000e+00
4.926017280828795641e+00 1.000000000000000000e+00
4.932300466135975725e+00 1.000000000000000000e+00
4.938583651443154920e+00 1.000000000000000000e+00
4.944866836750335004e+00 1.000000000000000000e+00
4.951150022057514200e+00 1.000000000000000000e+00
4.957433207364693395e+00 1.000000000000000000e+00
4.963716392671873479e+00 1.000000000000000000e+00
4.969999577979052674e+00 1.000000000000000000e+00
4.976282763286232758e+00 1.000000000000000000e+00
4.982565948593411953e+00 1.000000000000000000e+00
4.988849133900592037e+00 1.000000000000000000e+00
4.995132319207771232e+00 1.000000000000000000e+00
5.001415504514951316e+00 1.000000000000000000e+00
5.007698689822130511e+00 1.000000000000000000e+00
5.013981875129309707e+00 1.000000000000000000e+00
5.020265060436489790e+00 1.000000000000000000e+00
5.026548245743668986e+00 1.000000000000000000e+00
5.032831431050849069e+00 1.000000000000000000e+00
5.039114616358028265e+00 1.000000000000000000e+00
5.045397801665208348e+00 1.000000000000000000e+00
5.051680986972387544e+00 1.000000000000000000e+00
5.057964172279567627e+00 1.000000000000000000e+00
5.064247357586746823e+00 1.000000000000000000e+00
5.070530542893926018e+00 1.000000000000000000e+00
5.076813728201106102e+00 1.000000000000000000e+00
5.083096913508285297e+00 1.000000000000000000e+00
5.089380098815465381e+00 1.000000000000000000e+00
5.095663284122644576e+00 1.000000000000000000e+00
5.101946469429824660e+00 1.000000000000000000e+00
5.108229654737003855e+00 1.000000000000000000e+00
5.114512840044183939e+00 1.000000000000000000e+00
5.120796025351363134e+00 1.000000000000000000e+00
5.127079210658542330e+00 1.000000000000000000e+00
5.133362395965722413e+00 1.000000000000000000e+00
5.139645581272901609e+00 1.000000000000000000e+00
5.145928766580081692e+00 1.000000000000000000e+00
5.152211951887260888e+00 1.000000000000000000e+00
5.158495137194440971e+00 1.000000000000000000e+00
5.164778322501620167e+00 1.000000000000000000e+00
5.171061507808799362e+00 1.000000000000000000e+00
5.177344693115979446e+00 1.000000000000000000e+00
5.183627878423158641e+00 1.000000000000000000e+00
5.189911063730338725e+00 1.000000000000000000e+00
5.196194249037517920e+00 1.000000000000000000e+00
5.202477434344698004e+00 1.000000000000000000e+00
5.208760619651877199e+00 1.000000000000000000e+00
5.215043804959057283e+00 1.000000000000000000e+00
5.221326990266236479e+00 1.000000000000000000e+00
5.227610175573415674e+00 1.000000000000000000e+00
5.233893360880595758e+00 1.000000000000000000e+00
5.240176546187774953e+00 1.000000000000000000e+00
5.246459731494955037e+00 1.000000000000000000e+00
5.252742916802134232e+00 1.000000000000000000e+00
5.259026102109314316e+00 1.000000000000000000e+00
5.265309287416493511e+00 1.000000000000000000e+00
5.271592472723673595e+00 1.000000000000000000e+00
5.277875658030852790e+00 1.000000000000000000e+00
5.284158843338031986e+00 1.000000000000000000e+00
5.290442028645212069e+00 1.000000000000000000e+00
5.296725213952391265e+00 1.000000000000000000e+00
5.303008399259571348e+00 1.000000000000000000e+00
5.309291584566750544e+00 1.000000000000000000e+00
5.315574769873930627e+00 1.000000000000000000e+00
5.321857955181109823e+00 1.000000000000000000e+00
5.328141140488289018e+00 1.000000000000000000e+00
5.334424325795469102e+00 1.000000000000000000e+00
5.340707511102648297e+00 1.000000000000000000e+00
5.346990696409828381e+00 1.000000000000000000e+00
5.353273881717007576e+00 1.000000000000000000e+00
5.359557067024187660e+00 1.000000000000000000e+00
5.365840252331366855e+00 1.000000000000000000e+00
5.372123437638546939e+00 1.000000000000000000e+00
5.378406622945726134e+00 1.000000000000000000e+00
5.384689808252905330e+00 1.000000000000000000e+00
5.390972993560085413e+00 1.000000000000000000e+00
5.397256178867264609e+00 1.000000000000000000e+00
5.403539364174444692e+00 1.000000000000000000e+00
5.409822549481623888e+00 1.000000000000000000e+00
5.416105734788803971e+00 1.000000000000000000e+00
5.422388920095983167e+00 1.000000000000000000e+00
5.428672105403163251e+00 1.000000000000000000e+00
5.434955290710342446e+00 1.000000000000000000e+00
5.441238476017521641e+00 1.000000000000000000e+00
5.447521661324701725e+00 1.000000000000000000e+00
5.453804846631880920e+00 1.000000000000000000e+00
5.460088031939061004e+00 1.000000000000000000e+00
5.466371217246240199e+00 1.000000000000000000e+00
5.472654402553420283e+00 1.000000000000000000e+00
5.478937587860599479e+00 1.000000000000000000e+00
5.485220773167778674e+00 1.000000000000000000e+00
5.491503958474958758e+00 1.000000000000000000e+00
5.497787143782137953e+00 1.000000000000000000e+00
5.504070329089318037e+00 1.000000000000000000e+00
5.510353514396497232e+00 1.000000000000000000e+00
5.516636699703677316e+00 1.000000000000000000e+00
5.522919885010856511e+00 1.000000000000000000e+00
5.529203070318036595e+00 1.000000000000000000e+00
5.535486255625215790e+00 1.000000000000000000e+00
5.541769440932394986e+00 1.000000000000000000e+00
5.548052626239575069e+00 1.000000000000000000e+00
5.554335811546754265e+00 1.000000000000000000e+00
5.560618996853934348e+00 1.000000000000000000e+00
5.566902182161113544e+00 1.000000000000000000e+00
5.573185367468293627e+00 1.000000000000000000e+00
5.579468552775472823e+00 1.000000000000000000e+00
5.585751738082652906e+00 1.000000000000000000e+00
5.592034923389832102e+00 1.000000000000000000e+00
5.598318108697011297e+00 1.000000000000000000e+00
5.604601294004191381e+00 1.000000000000000000e+00
5.610884479311370576e+00 1.000000000000000000e+00
5.617167664618550660e+00 1.000000000000000000e+00
5.623450849925729855e+00 1.000000000000000000e+00
5.629734035232909939e+00 1.000000000000000000e+00
5.636017220540089134e+00 1.000000000000000000e+00
5.642300405847269218e+00 1.000000000000000000e+00
5.648583591154448413e+00 1.000000000000000000e+00
5.654866776461627609e+00 1.000000000000000000e+00
5.661149961768807692e+00 1.000000000000000000e+00
5.667433147075986888e+00 1.000000000000000000e+00
5.673716332383166971e+00 1.000000000000000000e+00
5.679999517690346167e+00 1.000000000000000000e+00
5.686282702997526250e+00 1.000000000000000000e+00
5.692565888304705446e+00 1.000000000000000000e+00
5.698849073611884641e+00 1.000000000000000000e+00
5.705132258919064725e+00 1.000000000000000000e+00
5.711415444226243920e+00 1.000000000000000000e+00
5.717698629533424004e+00 1.000000000000000000e+00
5.723981814840603199e+00 1.000000000000000000e+00
5.730265000147783283e+00 1.000000000000000000e+00
5.736548185454962479e+00 1.000000000000000000e+00
5.742831370762142562e+00 1.000000000000000000e+00
5.749114556069321758e+00 1.000000000000000000e+00
5.755397741376500953e+00 1.000000000000000000e+00
5.761680926683681037e+00 1.000000000000000000e+00
5.767964111990860232e+00 1.000000000000000000e+00
5.774247297298040316e+00 1.000000000000000000e+00
5.780530482605219511e+00 1.000000000000000000e+00
5.786813667912399595e+00 1.000000000000000000e+00
5.793096853219578790e+00 1.000000000000000000e+00
5.799380038526758874e+00 1.000000000000000000e+00
5.805663223833938069e+00 1.000000000000000000e+00
5.811946409141117265e+00 1.000000000000000000e+00
5.818229594448297348e+00 1.000000000000000000e+00
5.824512779755476544e+00 1.000000000000000000e+00
5.830795965062656627e+00 1.000000000000000000e+00
5.837079150369835823e+00 1.000000000000000000e+00
5.843362335677015906e+00 1.000000000000000000e+00
5.849645520984195102e+00 1.000000000000000000e+00
5.855928706291374297e+00 1.000000000000000000e+00
5.862211891598554381e+00 1.000000000000000000e+00
5.868495076905733576e+00 1.000000000000000000e+00
5.874778262212913660e+00 1.000000000000000000e+00
5.881061447520092855e+00 1.000000000000000000e+00
5.887344632827272939e+00 1.000000000000000000e+00
5.893627818134452134e+00 1.000000000000000000e+00
5.899911003441632218e+00 1.000000000000000000e+00
5.906194188748811413e+00 1.000000000000000000e+00
5.912477374055990609e+00 1.000000000000000000e+00
5.918760559363170692e+00 1.000000000000000000e+00
5.925043744670349888e+00 1.000000000000000000e+00
5.931326929977529971e+00 1.000000000000000000e+00
5.937610115284709167e+00 1.000000000000000000e+00
5.943893300591889250e+00 1.000000000000000000e+00
5.950176485899068446e+00 1.000000000000000000e+00
5.956459671206248530e+00 1.000000000000000000e+00
5.962742856513427725e+00 1.000000000000000000e+00
5.969026041820606920e+00 1.000000000000000000e+00
5.975309227127787004e+00 1.000000000000000000e+00
5.981592412434966199e+00 1.000000000000000000e+00
5.987875597742146283e+00 1.000000000000000000e+00
5.994158783049325478e+00 1.000000000000000000e+00
6.000441968356505562e+00 1.000000000000000000e+00
6.006725153663684758e+00 1.000000000000000000e+00
6.013008338970863953e+00 1.000000000000000000e+00
6.019291524278044037e+00 1.000000000000000000e+00
6.025574709585223232e+00 1.000000000000000000e+00
6.031857894892403316e+00 1.000000000000000000e+00
6.038141080199582511e+00 1.000000000000000000e+00
6.044424265506762595e+00 1.000000000000000000e+00
6.050707450813941790e+00 1.000000000000000000e+00
6.056990636121121874e+00 1.000000000000000000e+00
6.063273821428301069e+00 1.000000000000000000e+00
6.069557006735480265e+00 1.000000000000000000e+00
6.075840192042660348e+00 1.000000000000000000e+00
6.082123377349839544e+00 1.000000000000000000e+00
6.088406562657019627e+00 1.000000000000000000e+00
6.094689747964198823e+00 1.000000000000000000e+00
6.100972933271378906e+00 1.000000000000000000e+00
6.107256118578558102e+00 1.000000000000000000e+00
6.113539303885738185e+00 1.000000000000000000e+00
6.119822489192917381e+00 1.000000000000000000e+00
6.126105674500096576e+00 1.000000000000000000e+00
6.132388859807276660e+00 1.000000000000000000e+00
6.138672045114455855e+00 1.000000000000000000e+00
6.144955230421635939e+00 1.000000000000000000e+00
6.151238415728815134e+00 1.000000000000000000e+00
6.157521601035995218e+00 1.000000000000000000e+00
6.163804786343174413e+00 1.000000000000000000e+00
6.170087971650354497e+00 1.000000000000000000e+00
6.176371156957533692e+00 1.000000000000000000e+00
6.182654342264712888e+00 1.000000000000000000e+00
6.188937527571892971e+00 1.000000000000000000e+00
6.195220712879072167e+00 1.000000000000000000e+00
6.201503898186252250e+00 1.000000000000000000e+00
6.207787083493431446e+00 1.000000000000000000e+00
6.214070268800611530e+00 1.000000000000000000e+00
6.220353454107790725e+00 1.000000000000000000e+00
6.226636639414969920e+00 1.000000000000000000e+00
6.232919824722150004e+00 1.000000000000000000e+00
6.239203010029329199e+00 1.000000000000000000e+00
6.245486195336509283e+00 1.000000000000000000e+00
6.251769380643688478e+00 1.000000000000000000e+00
6.258052565950868562e+00 1.000000000000000000e+00
6.264335751258047758e+00 1.000000000000000000e+00
6.270618936565227841e+00 1.000000000000000000e+00
6.276902121872407037e+00 1.000000000000000000e+00
6.283185307179586232e+00 1.000000000000000000e+00
